STATUS,START,END,SIZE,COMMIT_START,COMMIT_END,NUM_DIFF_EXCEPTION,EXCEPTION_:_SIZE
NO_POM,0,38,39,e6eaf50b5bf0bca7f435d61b3e8f54022c7cc238,119a39d4f35126ffd2921175e6a96367ef5adc46,0, 
BUILD_FAILURE,39,2383,2345,6f320d75de13a19542613c35f96ade30369a80aa,86b1196bb540df26fcb03ae5c03904779924face,50,DependencyResolutionException1:120;ArtifactResolutionException2:1;DependencyResolutionException3:27;ArtifactResolutionException4:2;DependencyResolutionException5:88;ArtifactResolutionException6:1;DependencyResolutionException7:60;CompilationFailureException8:6;DependencyResolutionException9:1;CompilationFailureException10:150;DependencyResolutionException11:147;MojoExecutionException12:2;DependencyResolutionException13:16;ArtifactResolutionException14:1;DependencyResolutionException15:51;ProjectBuildingException16:1;DependencyResolutionException17:42;MojoFailureException18:18;DependencyResolutionException19:1;MojoFailureException20:15;DependencyResolutionException21:52;MojoFailureException22:1;ArtifactResolutionException23:3;PluginDescriptorParsingException24:269;MojoExecutionException25:42;MojoFailureException26:3;MojoExecutionException27:201;ArtifactResolutionException28:1;MojoExecutionException29:273;DependencyResolutionException30:5;MojoFailureException31:2;DependencyResolutionException32:257;MojoFailureException33:1;DependencyResolutionException34:2;MojoFailureException35:1;DependencyResolutionException36:1;MojoFailureException37:1;DependencyResolutionException38:8;MojoFailureException39:1;DependencyResolutionException40:4;MojoFailureException41:1;DependencyResolutionException42:1;MojoFailureException43:1;DependencyResolutionException44:117;MojoFailureException45:1;DependencyResolutionException46:225;MojoFailureException47:1;DependencyResolutionException48:2;MojoFailureException49:1;DependencyResolutionException50:117;
BUILD_SUCCESSFUL,2384,2385,2,ee910dfbfbeee2bcff9afd83f0bdcf4c9356e08b,1f59d8ea289ffb8290e39f5b3fe2fec42e0a2591,0, 
BUILD_FAILURE,2386,2386,1,caacd5c28d435d5ed45617ad3fc18623d3e2a318,caacd5c28d435d5ed45617ad3fc18623d3e2a318,1,DependencyResolutionException1:1;
BUILD_SUCCESSFUL,2387,2387,1,abb4fe4c8c949fc310f086f4397fe0645d67ba29,abb4fe4c8c949fc310f086f4397fe0645d67ba29,0, 
BUILD_FAILURE,2388,2389,2,159174ebfbeede79b9bcef3e1c3ade5aac24d6c1,a320da91873e98640378fd0afbf811d820526087,1,DependencyResolutionException1:2;
BUILD_SUCCESSFUL,2390,2390,1,f692f7d69577ce6bb2e7e045c0ce9c3d72c76dd8,f692f7d69577ce6bb2e7e045c0ce9c3d72c76dd8,0, 
BUILD_FAILURE,2391,2392,2,256c7a70a19243c6304c972a8a0c81463d798a56,cb7e6cd5b4581c26a93edaa71fba54b35f11e79d,1,DependencyResolutionException1:2;
BUILD_SUCCESSFUL,2393,2393,1,b8c11c6c9ce4777ace544427ef9685ce9c56864d,b8c11c6c9ce4777ace544427ef9685ce9c56864d,0, 
BUILD_FAILURE,2394,2403,10,0596971048899c0243370e20104d12d24675a39f,25c5e7aae291e5463178ec5a6d76e29a8859bc39,1,DependencyResolutionException1:10;
BUILD_SUCCESSFUL,2404,2404,1,1ac5f1af46bfd48b29d97f3663d0328f6d890b5d,1ac5f1af46bfd48b29d97f3663d0328f6d890b5d,0, 
BUILD_FAILURE,2405,2406,2,4c112817b845cdae6a1967a0680d5f7aa4c3b75e,010f8ebf35a322604d6497e175a1fe20924a991d,1,DependencyResolutionException1:2;
BUILD_SUCCESSFUL,2407,2407,1,9be3b158c5341d4cca33ada6ce1155e7ca5b25f3,9be3b158c5341d4cca33ada6ce1155e7ca5b25f3,0, 
BUILD_FAILURE,2408,2419,12,c4bd519bb4daacd73d6a856ed8588d98a39363e3,09ab62452c81d0423e957bc9e8ac9acb10651ac7,1,DependencyResolutionException1:12;
BUILD_SUCCESSFUL,2420,2457,38,0a0551eb06149e2919707237f678e4e9953c836e,1e3f7aedc67c6c7c7e55afc282447387c7952f91,0, 
BUILD_FAILURE,2458,2459,2,f181ccef73aa77493f846fc27ca34bb58590ddcf,1b50c196538a1cc9223f67ac4e41927790b98638,1,MojoFailureException1:2;
BUILD_SUCCESSFUL,2460,2643,184,f8125269795412cdc1b8602adfb24ea2754a368c,10093c97f3dc09660f839da83aabfc97e20fef93,0, 
BUILD_FAILURE,2644,2646,3,554bcb9a2d7dfe1bc7c4ef2e2e9a562437c62082,42b4d33be64a2d00d2a1665697d6d2d0efee19fe,1,CompilationFailureException1:3;
BUILD_SUCCESSFUL,2647,2685,39,6e333b9dab6f2be809a73b31f492cf8bb3269b99,8460c0cbcf029beaa64f082e73d2a45f0b05f342,0, 
BUILD_FAILURE,2686,2687,2,6b6b8a0211bb1cf6ba201e05e687ac8c1f97666f,eb78d61e6f74fd1ae3102729667d605ee2b63ee9,1,CompilationFailureException1:2;
BUILD_SUCCESSFUL,2688,2752,65,7f431a0494c6ab1c7f3ded7f45f3b3890c38ef28,7820b672466e2c6ba55b8c8d6c12ebe0eafb287f,0, 
BUILD_FAILURE,2753,2753,1,e90d90134e9b2d32ab61a6ab31a05f84d0b816d7,e90d90134e9b2d32ab61a6ab31a05f84d0b816d7,1,CompilationFailureException1:1;
BUILD_SUCCESSFUL,2754,2823,70,ed2321df8ada6e1c1d219186da99301073846810,91095865ff06c3b77efcb3d9514df10f70f95912,0, 
BUILD_FAILURE,2824,2824,1,3cc95f4fc8e167417e12def3948b13bd7e1f57f6,3cc95f4fc8e167417e12def3948b13bd7e1f57f6,1,CompilationFailureException1:1;
BUILD_SUCCESSFUL,2825,2833,9,f739dca9e8d666e52d7388ad53dae1293d934ae5,209714387177f289273d64d48ed6141b9d5aa1e2,0, 
BUILD_FAILURE,2834,2834,1,682feb495ad2a18716afc11eff5d9138984e5b8d,682feb495ad2a18716afc11eff5d9138984e5b8d,1,CompilationFailureException1:1;
BUILD_SUCCESSFUL,2835,2855,21,2e7c3198e4d9e5e3fce876da83c3ef0d2ce6423a,37201275a452d3f906eac6e10e5e6cd740b5ec0a,0, 
BUILD_FAILURE,2856,2857,2,c88c240fc6bb33a8206ede54d4bb81c25e67066c,343bd9b3a4935cad9c178b34639f1060938ef33a,1,ProjectBuildingException1:2;
BUILD_SUCCESSFUL,2858,2907,50,fcaf1f5e6998ca1363a30582926488ef736148e3,82d51ea3287b5a34931bbfe36f4c39b95a00d858,0, 
BUILD_FAILURE,2908,2909,2,b49a45a152050f92c140bea73b47043ff545cff3,377131e745ef87fbf1c18f269e13301f48471d23,1,ArtifactResolutionException1:2;
BUILD_SUCCESSFUL,2910,3027,118,e9fbbc0459389f1ccccb304043ec85acef6e70e7,9f036af1028a8456ef50102222765efabad69f01,0, 
BUILD_FAILURE,3028,3028,1,657803cdb7e8361bf02208ee435d8fbf900b2903,657803cdb7e8361bf02208ee435d8fbf900b2903,1,CompilationFailureException1:1;
BUILD_SUCCESSFUL,3029,3082,54,fb6408bd207a2a3053aadf1a189dff2310204b27,127bd01344532f2f666335b80450279bb96c45eb,0, 
BUILD_FAILURE,3083,3083,1,656878ea69adf7663015156b55ad5c9ea3ec7e4f,656878ea69adf7663015156b55ad5c9ea3ec7e4f,1,MojoExecutionException1:1;
BUILD_SUCCESSFUL,3084,3143,60,26d3db6ba1f12870af996ef9eaea17dfc4a8b8fb,2d1b0bf632724ceb091035582274201269cfe3e3,0, 
BUILD_FAILURE,3144,3144,1,034afd61126660b6f44b232fdf3e1dd9d1a79708,034afd61126660b6f44b232fdf3e1dd9d1a79708,1,MojoExecutionException1:1;
BUILD_SUCCESSFUL,3145,3155,11,3c88f50432dc8dd70ab7eb03e1bbf419f3f7ab81,ae1808be0e76c15544e75ec54aae3fc720f65364,0, 
