STATUS,START,END,SIZE,COMMIT_START,COMMIT_END,NUM_DIFF_EXCEPTION,EXCEPTION_:_SIZE
NO_POM,0,2274,2275,60fd827c7f9d48eb11c57b053106c26375c77192,7a8643f3cc42291296cce5a0ae576fa69da6880f,0, 
BUILD_SUCCESSFUL,2275,2439,165,9f4ce69424c044c050facd8f86b2189e7559281b,66b9da04386417c9a5b841c1b031f9bec585b982,0, 
BUILD_FAILURE,2440,3472,1033,0fe8568fa35fa66652a0c1e71d65dfaef8be9f41,9963589177b8afb3eb22b0abc9779ea5ca9e5388,6,DependencyResolutionException1:11;CompilationFailureException2:865;ArtifactResolutionException3:1;CompilationFailureException4:122;ProjectBuildingException5:1;CompilationFailureException6:33;
BUILD_SUCCESSFUL,3473,3502,30,5d5fcd313b14e3f2b6b4f40e9a22348613a351d0,432d1c37bb8a231abd787320f38604627cc7c063,0, 
BUILD_FAILURE,3503,3503,1,4d65587f95a4d190347ae6a4f90a5ed4ea0d9a1e,4d65587f95a4d190347ae6a4f90a5ed4ea0d9a1e,1,CompilationFailureException1:1;
BUILD_SUCCESSFUL,3504,3687,184,b94ed0352faa192cea2d4d40418f221028eba9ab,4d3fbd3787283eac39d59f55604b5c0fadac1225,0, 
BUILD_FAILURE,3688,3688,1,43e8b28d2901a9aa88328a6a7da76acdbfb10e8f,43e8b28d2901a9aa88328a6a7da76acdbfb10e8f,1,CompilationFailureException1:1;
BUILD_SUCCESSFUL,3689,3717,29,c4046f125e6660471a1cd8799336601bae344bfa,b20015b0822ebc44297c510483f9ae9f205c5b6e,0, 
BUILD_FAILURE,3718,3718,1,2c00125ddd09af75fefbea69e2db53658b1616fb,2c00125ddd09af75fefbea69e2db53658b1616fb,1,CompilationFailureException1:1;
BUILD_SUCCESSFUL,3719,3762,44,737c366377794fb026ca37a40052eb7e401bf257,9794ac3aae0ea69e371baf4a462d7dff1fca2fc0,0, 
BUILD_FAILURE,3763,3763,1,762748184decc015b66925e8637945a2d2382b95,762748184decc015b66925e8637945a2d2382b95,1,CompilationFailureException1:1;
BUILD_SUCCESSFUL,3764,3769,6,43b0e5989841f9d07eb9f5bcdf91796c2ec67638,a82b613608250748706c62c60b9d574d74864637,0, 
BUILD_FAILURE,3770,3770,1,5f8d3181941ba5df31a4ceebbd36b692f75243b9,5f8d3181941ba5df31a4ceebbd36b692f75243b9,1,CompilationFailureException1:1;
BUILD_SUCCESSFUL,3771,3922,152,70f7cb1c755103fe14f66dd15958f557325d7491,0f9a6ff5afe826f09d2911767a5c8fc9615e2bee,0, 
BUILD_FAILURE,3923,3923,1,4e078e1c18f0a9a81bfd62269b45f9a7a9f29792,4e078e1c18f0a9a81bfd62269b45f9a7a9f29792,1,CompilationFailureException1:1;
BUILD_SUCCESSFUL,3924,4017,94,0e4c3e6cdedfecc894ddc0e2ce525df649d63756,3d5742984b4a1c158400adf8d27355df2f096677,0, 
BUILD_FAILURE,4018,4018,1,c30f5930432ebdb5f81d4d973b3e6c2de215f5f2,c30f5930432ebdb5f81d4d973b3e6c2de215f5f2,1,ArtifactResolutionException1:1;
BUILD_SUCCESSFUL,4019,4136,118,7276dc63d0a4d346f10c9c85f5fccc8e181fe825,b0f8dd0b4ff478ef3b7a1b3e1465f3db74de2477,0, 
BUILD_FAILURE,4137,4137,1,a6506c190b1ed21846267d7c6c58926c1973a029,a6506c190b1ed21846267d7c6c58926c1973a029,1,CompilationFailureException1:1;
BUILD_SUCCESSFUL,4138,4269,132,cc85bafe8e355546e369d8da3f79a0bcd94966d7,78b7d57704e369a59a0b0b2453a60a97deb9d37f,0, 
BUILD_FAILURE,4270,4270,1,ae257bc191a8084bbb9597114e2b7b3fac767823,ae257bc191a8084bbb9597114e2b7b3fac767823,1,CompilationFailureException1:1;
BUILD_SUCCESSFUL,4271,4283,13,1a8abca7b4fc31881b8c5f7eb4fa2a03d29d9633,cf61a3e1ff37f8069c7e9fda13b65ddaaf012b14,0, 
BUILD_FAILURE,4284,4285,2,046ad27f8f42b87d275851d0f346ee5d95b7884a,9eb4273dfaecf138a2b678fdd757fdd456925927,1,CompilationFailureException1:2;
BUILD_SUCCESSFUL,4286,4302,17,fa7ae7415b2aef9c5f2e240eee67e0509a989e44,2181e49bc22bfd56dd8f2fc4b8b8a2be27bc11af,0, 
BUILD_FAILURE,4303,4303,1,e4414a4e6b5615edc9cb35fb8f517bea7ee1475f,e4414a4e6b5615edc9cb35fb8f517bea7ee1475f,1,CompilationFailureException1:1;
BUILD_SUCCESSFUL,4304,4411,108,d24bbfee41f0f5dde207723817f024851a84aef0,ceec75e8c3b9e9f4ae3044339886b824c448c27a,0, 
BUILD_FAILURE,4412,5696,1285,c9958caacace83139866fcc4b986e61dc9a98578,7459c66c834947eb97ba2f4bcd79ca8dc76e1055,18,MojoExecutionException1:32;DependencyResolutionException2:1;MojoExecutionException3:58;CompilationFailureException4:1;MojoExecutionException5:73;PluginVersionResolutionException6:2;MojoExecutionException7:71;MojoFailureException8:3;MojoExecutionException9:38;MojoFailureException10:1;MojoExecutionException11:18;MojoFailureException12:2;MojoExecutionException13:59;MojoFailureException14:5;MojoExecutionException15:3;DependencyResolutionException16:37;ArtifactResolutionException17:1;DependencyResolutionException18:880;
BUILD_SUCCESSFUL,5697,5772,76,03e595ee047ce7754ffb7377bef6d06bfec16619,a2f0dee73498a1ba47432699e09f8e296ab758c1,0, 
BUILD_FAILURE,5773,5773,1,b24e71e3bba6deace88407b41d3302a979a88061,b24e71e3bba6deace88407b41d3302a979a88061,1,DependencyResolutionException1:1;
BUILD_SUCCESSFUL,5774,5827,54,7ef27f88ab5efa2b40218eef4a487018c9243471,6ac4635977b498fa5c7c5b80c70535a637a26c7b,0, 
BUILD_FAILURE,5828,7292,1465,2daec2db46177aef574a1335d41f094bdbbb0582,8727ea6be9d84b432600942b6e559875a77c0a89,11,MojoFailureException1:725;DependencyResolutionException2:1;MojoFailureException3:199;ArtifactResolutionException4:1;MojoFailureException5:61;ArtifactResolutionException6:6;MojoFailureException7:162;ArtifactResolutionException8:3;MojoFailureException9:153;MojoExecutionException10:3;MojoFailureException11:151;
BUILD_SUCCESSFUL,7293,7548,256,47a15c2993179b92379dcd2fb31f393e6d009bc5,69a97eede04c35380ac498e6c86848c63b54bd7f,0, 
BUILD_FAILURE,7549,7549,1,daadfabbcab7024f19d1ee4191c226b13d7b9aaf,daadfabbcab7024f19d1ee4191c226b13d7b9aaf,1,MojoFailureException1:1;
BUILD_SUCCESSFUL,7550,7603,54,d888c88ccc6306af8aaa263a082aa16d451bce2a,02eb74ea0746a8f4eb8d7b16bd42e4145cee69f3,0, 
BUILD_FAILURE,7604,7604,1,1c88336b8812f56d5b34e9b68b90e1251fe33d3a,1c88336b8812f56d5b34e9b68b90e1251fe33d3a,1,ArtifactResolutionException1:1;
BUILD_SUCCESSFUL,7605,7616,12,f03e6d3a766f8dcf31b7c31de856ea487ffe6ab5,d3740382775c004516c5ff672ed1e713a66d8fa7,0, 
BUILD_FAILURE,7617,7617,1,4b702c06ee6a8d898c85a8a847512b641e62d079,4b702c06ee6a8d898c85a8a847512b641e62d079,1,DependencyResolutionException1:1;
BUILD_SUCCESSFUL,7618,7628,11,bea82c659ea3ec46faddaa199c8a18e93694825a,b31e3312c861732aae3e4339c5ec98ec902c251e,0, 
BUILD_FAILURE,7629,7630,2,abc7ab3a631e215aefe9cc4385708c433c587ae1,72fbc5ef5da84d1767f4dd8c6ad6cdd5da030fef,1,ArtifactResolutionException1:2;
BUILD_SUCCESSFUL,7631,7643,13,e8bcb78822736bb2958cd81559829287a1734932,7b5e3dbcbf1c9414ffdf710429561591ebe57386,0, 
BUILD_FAILURE,7644,7646,3,f9596287290b6ba93f61e7d1f7066095102af5d1,3b90c55c2b8564d79f87fc189826ca0df8717f6d,2,DependencyResolutionException1:1;ArtifactResolutionException2:2;
BUILD_SUCCESSFUL,7647,7651,5,e0d1678b8b58ca4c447947fd2e00b73e07f0706a,81b533466484abd90d0842fa5c0bb5f7c2c70c3c,0, 
BUILD_FAILURE,7652,7653,2,2ba03ca7da916d81d3b9689fceba81fc34065463,3f4f1412dc8c272cd21644213e85e0f4e2a11eb2,2,DependencyResolutionException1:1;ArtifactResolutionException2:1;
BUILD_SUCCESSFUL,7654,7655,2,c947ab84a5a27d7b1c1490a13c13339c779f662c,6d25470606f8c517d9cd3639e2151d01d7be2d1e,0, 
BUILD_FAILURE,7656,7656,1,2558f135000e33907fe59143791834e60fb16493,2558f135000e33907fe59143791834e60fb16493,1,DependencyResolutionException1:1;
BUILD_SUCCESSFUL,7657,7663,7,86b910b64a64ae12fec4b150fc9d2f228b474ba9,9a2b001f45d7fbdac2763209f250b1050b3517c9,0, 
BUILD_FAILURE,7664,7664,1,804583b6b5c35cf81b4ca2dde238ba6d37f30d08,804583b6b5c35cf81b4ca2dde238ba6d37f30d08,1,DependencyResolutionException1:1;
BUILD_SUCCESSFUL,7665,7671,7,091bdc7e9b23cbf30fdd92c85b270ba79ffe11e1,8fe2151772f74cb45ee25aff20a8fcccdc0de5dc,0, 
BUILD_FAILURE,7672,7672,1,c8e8b02cceb184bbb5ae4fa6e5d2a450601caa11,c8e8b02cceb184bbb5ae4fa6e5d2a450601caa11,1,DependencyResolutionException1:1;
BUILD_SUCCESSFUL,7673,7860,188,527881438fc93485fc845b96f7c570b3b27ee3d3,7218a16e11c595bb4eaacb6f719d413efa984a02,0, 
BUILD_FAILURE,7861,7861,1,b58f24482b0946d669338d2833f4c1825a803009,b58f24482b0946d669338d2833f4c1825a803009,1,DependencyResolutionException1:1;
BUILD_SUCCESSFUL,7862,7889,28,03dba6a5b1804e35352b1b52d6e425e899335eec,5397f7de22b58024df24e8f89c2e8595cae18627,0, 
BUILD_FAILURE,7890,7890,1,66bf6fc4133d1ebab01ecc04dcfb54c87ed6375f,66bf6fc4133d1ebab01ecc04dcfb54c87ed6375f,1,ProjectBuildingException1:1;
BUILD_SUCCESSFUL,7891,7997,107,a72581c9d58a51b5325ea863ee7dc1c9d3703d30,ad141a9948f10b9fc7ed1a99d57877e6255c0ea5,0, 
