STATUS,START,END,SIZE,COMMIT_START,COMMIT_END,NUM_DIFF_EXCEPTION,EXCEPTION_:_SIZE
NO_POM,0,3,4,efb14cdc81bd88a33429c1198831ba03c4644ba4,aa26492453088925faa02d8dc37e08603e00e8eb,0, 
BUILD_SUCCESSFUL,4,180,177,579f5a16fa4acd735c1e2826b3e0811b3b58ebb5,26c5b639eb1c1a694ec94296409b11dc123b06a8,0, 
BUILD_FAILURE,181,226,46,1f795c4dca407a45233fb495d55f1204a5813aad,5a53fac4c0dd4c0b002137c671ee5dfa3caa6f0c,1,MojoFailureException1:46;
BUILD_SUCCESSFUL,227,317,91,651f3178fc81f5e81942e48df45252dd7e747629,803d8ad7ee87acedcd70fbe4138631c89df287ec,0, 
BUILD_FAILURE,318,321,4,ecff605a41fa4b50bc1a5bb8de47f64dec1d66b4,12b94f73b08c9f13b389158e6a2fd2ef0f04bce9,1,ProjectBuildingException1:4;
BUILD_SUCCESSFUL,322,387,66,43bf61e865bdc7bb00bf89f7fb806437adc7c8ae,cfdce37c78adeb2f42a92aec0093d6acab948bb1,0, 
BUILD_FAILURE,388,399,12,e2bb393c11a9934946ef34730f969b09a011c6f0,c161ad76f9f9e97b18321e7d97e426ea72297073,1,ProjectBuildingException1:12;
BUILD_SUCCESSFUL,400,509,110,1f6dc864f9b25bfe2cf7ff5236018e9597593f0a,36d06d5a9a8b240c77dcd68871326eccd059d2ff,0, 
BUILD_FAILURE,510,516,7,f153671c0717ea451abaf568033522d829ed7d3b,1e71c6aa5b5f2233dc8dc7133a06349733831c27,1,ArtifactResolutionException1:7;
BUILD_SUCCESSFUL,517,539,23,a499379c67711e53a9fd5cdcf69c1a4bc6271c0e,ec80837787225d2a5e072e35f96bebed94720273,0, 
BUILD_FAILURE,540,547,8,691a0296dcdb2b0285d98f0564b2e6e4fda504d9,eaef74ca294d4c0086a022102bf24954ec7bc28d,1,DependencyResolutionException1:8;
BUILD_SUCCESSFUL,548,565,18,ecc537c797a6de4701a9074d7948f5b994d3e5be,c9ee6d09f4f0540c863416ffa66b01c357d1cdee,0, 
BUILD_FAILURE,566,595,30,3f2c68ab9c80ee22ec61eabf182098775ce8e757,1da25c1239adc61340e2f76bde40f2de3f7dca5b,1,ArtifactResolutionException1:30;
BUILD_SUCCESSFUL,596,599,4,5ccbf689e00cd71d0173d79068c3dd0fd68e9506,54dd61574dd60f7b8d4799fbe5598ecf7705f03f,0, 
BUILD_FAILURE,600,600,1,ad268ca7fd7c5682b4c59c5028f10bee03093ee9,ad268ca7fd7c5682b4c59c5028f10bee03093ee9,1,DependencyResolutionException1:1;
BUILD_SUCCESSFUL,601,601,1,a3a30cde150e0e8f1ed51eba5ff7ba539de8c752,a3a30cde150e0e8f1ed51eba5ff7ba539de8c752,0, 
BUILD_FAILURE,602,602,1,abf90f7deb37b40bd4ed8d08dea25c662fbc319e,abf90f7deb37b40bd4ed8d08dea25c662fbc319e,1,DependencyResolutionException1:1;
BUILD_SUCCESSFUL,603,603,1,bde223a460f00476599f306040fce314d50bc5b0,bde223a460f00476599f306040fce314d50bc5b0,0, 
BUILD_FAILURE,604,607,4,8b634446bd5ff4d3f552eda2330a4cb857b95c1b,e2496527f65646c7119b3230deb403103105ef81,1,DependencyResolutionException1:4;
BUILD_SUCCESSFUL,608,609,2,87b701e091fc613fb3c16e3e229356230809f087,d9f5c8f185e8b06505a230d961c2263e73066768,0, 
BUILD_FAILURE,610,616,7,3c2dff76efbb52cb9f1961d2a63a23b6f3bc7762,f3e1f3a3f757b763097871dc4801e3915d603990,1,CompilationFailureException1:7;
BUILD_SUCCESSFUL,617,671,55,cfd6a416f02d000de5641eb17ab4d779a43dfb58,70ca793ab4172deaa958e349e2636583bdefa634,0, 
BUILD_FAILURE,672,672,1,2fa9b7c7a692d25ece44c657727882d7fc4d09a6,2fa9b7c7a692d25ece44c657727882d7fc4d09a6,1,DependencyResolutionException1:1;
BUILD_SUCCESSFUL,673,673,1,9aef4419091339c22bba1c245b43d3a03083180f,9aef4419091339c22bba1c245b43d3a03083180f,0, 
BUILD_FAILURE,674,674,1,e3c5a516c3cc4ffeb04ee72e2ee9258bae299d71,e3c5a516c3cc4ffeb04ee72e2ee9258bae299d71,1,DependencyResolutionException1:1;
BUILD_SUCCESSFUL,675,676,2,05c831cf52d5a066eab862bc9b55090883e49fe6,46ab5481c98ecf396dfe43f0dece7d071ad2806c,0, 
BUILD_FAILURE,677,678,2,532f5c11c9f75ec6a5fe98bdf2ce49c21a38098e,68f07341c104b3ffc2bbb8430b4e7da51970c8ea,1,DependencyResolutionException1:2;
BUILD_SUCCESSFUL,679,679,1,5a5a1479f72479e059f109842e4f9c32dc23d851,5a5a1479f72479e059f109842e4f9c32dc23d851,0, 
BUILD_FAILURE,680,681,2,d5e5273904b973ae9c2f8d723ea7b20ae863cf4c,ab07bf7e64e9f0bba97d54953af111576b109840,1,DependencyResolutionException1:2;
BUILD_SUCCESSFUL,682,690,9,fda2aed6376659a1dde45953f06cb44948bb3be8,c652b53f94d1f47d40564e2c960261c4c970f579,0, 
BUILD_FAILURE,691,704,14,06cf96165bdf399068f07f4cdecea4614b9d2c4d,51d9c0a400bd6e7eab9d50db3c6a4706a78b8b9d,1,DependencyResolutionException1:14;
BUILD_SUCCESSFUL,705,707,3,5fcc7dd84b70f1e911445f205a3f8b97efd31908,7ee324f8f2ebd14087ce21563f3626e2917b5700,0, 
BUILD_FAILURE,708,721,14,0b3950d4290225413f8dcb538167761ebbe91fa1,a695a3f166555ea8de0bb372c486082f85a2735d,1,DependencyResolutionException1:14;
BUILD_SUCCESSFUL,722,730,9,688899088939ca4ae714f17713759fbc9a46c76c,acd6c2cc7a4ee86acd3712a2c76fa319b7bd8887,0, 
BUILD_FAILURE,731,731,1,e63699651d00456776aa7fb1730ed40e220286f8,e63699651d00456776aa7fb1730ed40e220286f8,1,ProjectBuildingException1:1;
BUILD_SUCCESSFUL,732,740,9,afe2864619f978c0f0fd37232191d02a85e1253e,f10663be71ca33a6da353f9ca1b9d5006b4bd0a9,0, 
