STATUS,START,END,SIZE,COMMIT_START,COMMIT_END,NUM_DIFF_EXCEPTION,EXCEPTION_:_SIZE
NO_POM,0,0,1,3543abfa84d2c455dc03fbdcfb453831e5cbdab6,3543abfa84d2c455dc03fbdcfb453831e5cbdab6,0, 
BUILD_FAILURE,1,2,2,6534d8eb39f228b0ef474800e90b35888261c1fc,480d8a07f785080128b163b74c1d93aebb81cebb,1,ProjectBuildingException1:2;
BUILD_SUCCESSFUL,3,10,8,cf9ee0031507bd7e803a2e4fb662131bfa8b4c42,b6ba883c0db47414e7926565bdb83d950a60d19d,0, 
BUILD_FAILURE,11,14,4,0685fb3412932e9d80fa6184351998b1d9e7347e,bf3db7b272c7beedde4562b032f8974ce6259feb,1,ArtifactResolutionException1:4;
BUILD_SUCCESSFUL,15,17,3,ba9dcc9bed63121198998ffb1296528a0fc251c9,7f662cfbb192693ec68f8731ae7e230879ac66b9,0, 
BUILD_FAILURE,18,18,1,9e352d544135155e4b2d70d9789528cb7b7ca31c,9e352d544135155e4b2d70d9789528cb7b7ca31c,1,CompilationFailureException1:1;
BUILD_SUCCESSFUL,19,48,30,efafb080780aab577be46b8d32609174fb7578c6,79e5dc31ecce106a9c818a5a4fe58323c8299761,0, 
BUILD_FAILURE,49,50,2,054cf7ebe4867e519568e6b8da63b10b1ac8620c,2ea13c28f3f699d407b2e34dccd4f6c5c8c9f894,1,ProjectBuildingException1:2;
BUILD_SUCCESSFUL,51,51,1,384f27b686995d7801edb516a84af7a8518a5b24,384f27b686995d7801edb516a84af7a8518a5b24,0, 
BUILD_FAILURE,52,53,2,df11d7c471efe3bbfc7994fee458f6555f021f42,28db51c75c0f083b55465ee5ae67792eb7d26811,1,ArtifactResolutionException1:2;
BUILD_SUCCESSFUL,54,56,3,b2d422aee6be8721e25766646ec128124a1c41ac,a7737573d0ca7e6d41825a28b723587f3033eef3,0, 
BUILD_FAILURE,57,61,5,c4968e09bd79589ff37bc9dac4cc6daee8bf095e,fc804d142c3bbae2f4ebe98ff5cd58f7a3599eff,1,ProjectBuildingException1:5;
NO_POM,62,66,5,ce2f5f85b80463e83d7e41e6184bf3311cbca9b4,20f9b17971014ff0e0aa7b310ed97fb4f44f92fd,0, 
BUILD_SUCCESSFUL,67,79,13,dea52b170f1cb47cbacb10f50395370acf7d91ec,39bf20342e4c3f4668aba6e8c51deeb082037a5f,0, 
BUILD_FAILURE,80,99,20,752bf6edff0788f16faefa63664e1c83ac71754a,727457d57e7922da61c26686ac3be952353bb157,3,DependencyResolutionException1:4;ArtifactResolutionException2:9;DependencyResolutionException3:7;
BUILD_SUCCESSFUL,100,103,4,d1ea3fe1afea6bd4d16ca068856b5adec3c2e41d,0ca266b844756f787faaee96c0a6f57e44354df6,0, 
BUILD_FAILURE,104,105,2,1ea11ea0d57619d1fb1e62f8f9985194825dc852,2f7943b9a0ac30ce0b5cb298d8abf8064ad117b3,1,ArtifactResolutionException1:2;
BUILD_SUCCESSFUL,106,107,2,3717d3824a1649c3da137159abd865b93aaf1762,53405a73253de051125e706289d99b92dcb7fcc5,0, 
BUILD_FAILURE,108,109,2,be505fa902ebff968c97694d2b9a8156a872f71c,448bcb48a61935320ff073003efddd5a32c2c22e,1,ArtifactResolutionException1:2;
BUILD_SUCCESSFUL,110,110,1,ebd7349a92c945197b596b96cf65a0a3878881a3,ebd7349a92c945197b596b96cf65a0a3878881a3,0, 
BUILD_FAILURE,111,121,11,5050f00974c61d7f44952584eacfff89f292e346,7a51bfa6cd119d9f93fbca126ef29024a034c926,1,ArtifactResolutionException1:11;
BUILD_SUCCESSFUL,122,126,5,aa2c946fdc11bada3687f8a61d81b17022c3ea52,55276b3a7b5a4a6b34edfd6e3124d98a40cd6f4e,0, 
BUILD_FAILURE,127,130,4,3258943703abc14bf11b08dfa062645f439a7285,baa67d2275fb274fa7c76206a1eaba07276fb50b,1,DependencyResolutionException1:4;
BUILD_SUCCESSFUL,131,135,5,09b52f4bbb9963ca2db3bbc37f1d96308d25386c,91df601bed235837d9745c6ab81af788c56049c3,0, 
BUILD_FAILURE,136,141,6,851301b74a8dc414ece52f8c0a42ad3d0fd1c07d,301239187edd6be64a87c6acf8b05099ab036726,3,DependencyResolutionException1:1;ProjectBuildingException2:1;DependencyResolutionException3:4;
BUILD_SUCCESSFUL,142,267,126,4ccfb68aa753999aef8a12f1b9b5a9f1833deaaf,2bd7cf011e5121184bae66c4acc61c7ad2a9c6e6,0, 
BUILD_FAILURE,268,286,19,e0ee6977c1577fad3b266f41b33153186abd05e0,69f0c82dc85b4a8a225b91e2c4be4549a0db4611,1,ArtifactResolutionException1:19;
BUILD_SUCCESSFUL,287,305,19,fd2d49bd7de9162d3e636dab72a44838c84c0a85,f61b6c75e92db91bbbdc6c65a09667ec41aeb934,0, 
BUILD_FAILURE,306,309,4,cee6c176a573cf98032c878973dee0e1fd468281,ed3169b0258417036c3350b2adc51a459087f768,1,ArtifactResolutionException1:4;
BUILD_SUCCESSFUL,310,637,328,b76d777564d34b01fac23f24e2452dbf65ec56b9,ee90ea9338bbe4b5357adc2e0b43f9c65b9fe70b,0, 
BUILD_FAILURE,638,695,58,d25698e9ce30291b0cb924e4f298f3c7c8cf6070,a80afa80b49b76ee7b88d363a07eba6b30e65e97,3,ArtifactResolutionException1:30;ModelParseException2:1;ArtifactResolutionException3:27;
BUILD_SUCCESSFUL,696,763,68,0eb481b990be5320cfa32c7f3f416dcb24167aa2,710a3ba633e3cde4041acb7bcefaa7818f04a322,0, 
BUILD_FAILURE,764,775,12,f40f1b2816702f03f4d6503397d9c5bf06752e96,c3f7db121db79f9866358a6b15ee5768ae605733,1,DependencyResolutionException1:12;
BUILD_SUCCESSFUL,776,790,15,386f9827f67e5f0c2e4cda7a82caeff6f379f024,23410e56fcd9dc4dec1c0ecc4f54432e6ec659d6,0, 
BUILD_FAILURE,791,791,1,42db9b6b9747fd2407136e270f7a9ce773dacf76,42db9b6b9747fd2407136e270f7a9ce773dacf76,1,MojoFailureException1:1;
BUILD_SUCCESSFUL,792,825,34,5a070d0a56fd5b747b9193b4408da4aa75a12fe6,85ebb62b738ab831c754382950a2afb6732a8407,0, 
