STATUS,START,END,SIZE,COMMIT_START,COMMIT_END,NUM_DIFF_EXCEPTION,EXCEPTION_:_SIZE
NO_POM,0,230,231,3db476f1a2b6826d0aee4e9937cb73ae14cd7fae,62659b716c5ea5b9701929a3a46ec6366f610fea,0, 
BUILD_FAILURE,231,1019,789,60af082ea2ae229c782e560e45c260ff48a3c0c4,e9a93238125ddc73936679cb53a9a1254e13ff42,1,ModelParseException1:789;
BUILD_SUCCESSFUL,1020,1218,199,abe5a2ce99615be906e37532d68f9911e34910c2,b3b831ec31c01c88d1b909cb8991d1cf5d7cfa39,0, 
BUILD_FAILURE,1219,3712,2494,7ff6992a044b56d73569cd297f23ab6172ca7fd4,d783c5fc419c365d8c8799148db122122727212a,13,DependencyResolutionException1:4;ArtifactResolutionException2:1;DependencyResolutionException3:5;ModelParseException4:498;ArtifactResolutionException5:353;ModelParseException6:766;ArtifactResolutionException7:4;ModelParseException8:14;PluginParameterException9:1;ProjectBuildingException10:475;ArtifactResolutionException11:1;ProjectBuildingException12:314;PluginParameterException13:58;
BUILD_SUCCESSFUL,3713,3921,209,b4c041a567b0dd6a389e4324dd295357f895469a,0dd744766c334fa91c6578b114ab81c344eb84aa,0, 
BUILD_FAILURE,3922,4507,586,ed662b21821a0f4832c85b017ece61f2a7135e2d,8446133d06680a8156504bfd904929f186fbbfb0,12,DependencyResolutionException1:391;ArtifactResolutionException2:10;CompilationFailureException3:2;PluginParameterException4:9;DependencyResolutionException5:46;PluginParameterException6:56;CompilationFailureException7:4;PluginParameterException8:28;CompilationFailureException9:1;PluginParameterException10:31;ModelParseException11:1;PluginParameterException12:7;
BUILD_SUCCESSFUL,4508,4537,30,d9867979e91711a2e5178abb3b9ac46c8211d90f,654a9fd7033f4ba5c80eec56c3b35b7163467186,0, 
BUILD_FAILURE,4538,4659,122,a7ab8b8ae2afa1225a54c5c5ec909215562b7ea7,3e1d9b4f9dd0d5f382e0774d72a4c731cd0c4e2c,4,ModelParseException1:70;ArtifactResolutionException2:9;ModelParseException3:8;DependencyResolutionException4:35;
BUILD_SUCCESSFUL,4660,4671,12,9f7abb7383446de03fa4924f1f14f2f7aca97221,e8917f648956d11b6222bfbd68a1efce4731292e,0, 
BUILD_FAILURE,4672,4672,1,aed807cd7d8b99d4858e01e3c85ccd317492e066,aed807cd7d8b99d4858e01e3c85ccd317492e066,1,CompilationFailureException1:1;
BUILD_SUCCESSFUL,4673,4685,13,2cff9e50b4f33a904381bae832f44c5639094a6c,fddb310b23086b22bc1ff76084ebc38fafeff459,0, 
BUILD_FAILURE,4686,4686,1,98c57ebd0a65900ddd8f9e5dafcd34a47ba438db,98c57ebd0a65900ddd8f9e5dafcd34a47ba438db,1,ProjectBuildingException1:1;
BUILD_SUCCESSFUL,4687,4691,5,91e4d98dcd19270c5ce6c346c0a95ba2694671f7,5bd2c7a3c6d319273ed9b5b4c74f506a82398e72,0, 
BUILD_FAILURE,4692,4693,2,924d651e9d0d1298a4a397f272b03bc95ab3ddeb,de9d7a40ff19b957f3952d768ec0d0ab9fea8225,1,CompilationFailureException1:2;
BUILD_SUCCESSFUL,4694,4717,24,69ae8b7754ef9920a6b9532d94405eac47d5d774,85d263f0f285596e1f060ce869ed77cd9cdf83cd,0, 
BUILD_FAILURE,4718,4718,1,4f33580f696fa34abcc0bcd737b751b82fea2a99,4f33580f696fa34abcc0bcd737b751b82fea2a99,1,ArtifactResolutionException1:1;
BUILD_SUCCESSFUL,4719,4719,1,289c48d48627f84b94cc26812cf5ba4960650ee9,289c48d48627f84b94cc26812cf5ba4960650ee9,0, 
BUILD_FAILURE,4720,4721,2,332963f20f0d9328e953632aad8535759684a85b,d5df383b6645901f840ea09289b54bc2aedc4fec,2,ArtifactResolutionException1:1;DependencyResolutionException2:1;
BUILD_SUCCESSFUL,4722,4770,49,6c9135bf008ea58d11cd1da0c59985cfd49cf900,b7f3355206efa88c2d6bd8efccc45e884f606c51,0, 
BUILD_FAILURE,4771,4772,2,cb26f396e827df358253b665781318677c87b401,4f05560fb248fac7322a1b534995efd96e2facfb,1,DependencyResolutionException1:2;
BUILD_SUCCESSFUL,4773,4773,1,f22411900f1546cd71ef54c6761823c1ac414aa3,f22411900f1546cd71ef54c6761823c1ac414aa3,0, 
BUILD_FAILURE,4774,4777,4,098ad16d93dcc8d699738b5e240f38207e5d16bb,a985987446471c33b1f478f8e6c2f5f01460c840,1,DependencyResolutionException1:4;
BUILD_SUCCESSFUL,4778,4780,3,5e4813f3ad2769063a80b792fd0395d9ae2057e4,6de924486afafe0ad71cfca96dddc0046552fe53,0, 
BUILD_FAILURE,4781,4785,5,3cbd9656092362779d5c099fed3c5f7a54cbf2b9,6c277e5466d412d0cb72e93c21c3c73410191625,2,ArtifactResolutionException1:4;DependencyResolutionException2:1;
BUILD_SUCCESSFUL,4786,4786,1,045cb558ef6f531bcba18d4a0232ec2f7b3a9d52,045cb558ef6f531bcba18d4a0232ec2f7b3a9d52,0, 
BUILD_FAILURE,4787,4787,1,d8c5f095d0257f53ab5a7caf4e2757268f8ebe3b,d8c5f095d0257f53ab5a7caf4e2757268f8ebe3b,1,DependencyResolutionException1:1;
BUILD_SUCCESSFUL,4788,4788,1,6e6727a3083af31ccc487d13b9f608bbe38a395e,6e6727a3083af31ccc487d13b9f608bbe38a395e,0, 
BUILD_FAILURE,4789,4789,1,695f620e4b0dc7b1f72a805f4c608c4cae1fbc36,695f620e4b0dc7b1f72a805f4c608c4cae1fbc36,1,DependencyResolutionException1:1;
BUILD_SUCCESSFUL,4790,4790,1,d8d140a5d7c43d3e8d37f23245d5744c0e69f2c8,d8d140a5d7c43d3e8d37f23245d5744c0e69f2c8,0, 
BUILD_FAILURE,4791,4792,2,7d14fba80d4bd400004f6a206610eb3b5426d0c0,f6d14934039f7f606305331eccd0ba3abb4d4a0b,1,DependencyResolutionException1:2;
BUILD_SUCCESSFUL,4793,4814,22,e2c1c464b039cc7eb5076c82ad6dd5001f518716,83f5a67ff4400d2d9fb22cb51e41ac9a069b30a3,0, 
BUILD_FAILURE,4815,4815,1,7687d31e8d6e8c0ee19e35ba6442b66d4e49f5b5,7687d31e8d6e8c0ee19e35ba6442b66d4e49f5b5,1,CompilationFailureException1:1;
BUILD_SUCCESSFUL,4816,4923,108,9f478ad662281341c4650a86c9749c1d67033d36,73704e2289d2f1dc2f30272bb0ff15f9a5f4d194,0, 
BUILD_FAILURE,4924,4930,7,1fb1e75794ba29877316c54fd9d910be2cc91b67,ca0589101f5c5d39f9817bbb6ea95fcfbb419f7e,1,MojoExecutionException1:7;
BUILD_SUCCESSFUL,4931,4956,26,99d42143f04a5616f9075c36e70ed94bc77a9838,fe212b9c43f83268beb3bac3a7d94ba95a81ce15,0, 
BUILD_FAILURE,4957,4957,1,fde061a66951b87bf88494de7f32d61ee177340f,fde061a66951b87bf88494de7f32d61ee177340f,1,DependencyResolutionException1:1;
BUILD_SUCCESSFUL,4958,5011,54,87cc83b60c9775e8c83a51a31dc40dc407c39f09,b0b1bbbb775769862cb042178ac71bd4460a65da,0, 
BUILD_FAILURE,5012,5012,1,c569a8c5cc28511433a203b8ca680dc3ce41ea1b,c569a8c5cc28511433a203b8ca680dc3ce41ea1b,1,ProjectCycleException1:1;
BUILD_SUCCESSFUL,5013,5039,27,55598c4a8c4ec7b5bdde17c193a3df02fe8fd583,36bd07fd338915982b9604045b319af0dc9173da,0, 
BUILD_FAILURE,5040,5040,1,f32bc0012bea01f3415d54f5492fc3f393a451c5,f32bc0012bea01f3415d54f5492fc3f393a451c5,1,MojoFailureException1:1;
BUILD_SUCCESSFUL,5041,5045,5,a8c9f4653171c2f971f3ca30f9c5700a230a2d81,f8fadc77fafdb70bfbf55a4d629579650676eecd,0, 
BUILD_FAILURE,5046,5049,4,1e34993611e5ef4c6c3c3166a5e8b4b99f59c4b9,5b515011a713265786f556dc31b3e493cfb65dde,1,MojoFailureException1:4;
BUILD_SUCCESSFUL,5050,5055,6,4ec8ddc40a81c8a83089fa51dfcf8d210311f0d1,e3ac409dc2e56862810d168ce41e853ee554c204,0, 
BUILD_FAILURE,5056,5056,1,55b0c93b83d9bf5b56f6bf9e47137b9380a59d6f,55b0c93b83d9bf5b56f6bf9e47137b9380a59d6f,1,MojoFailureException1:1;
BUILD_SUCCESSFUL,5057,5071,15,74a883149a04576371456d09d8241f16e8ed3d2e,c1bb434551e2d4b104725448a87a6856d737ed4a,0, 
BUILD_FAILURE,5072,5072,1,387bb9df853df26f6f2d129c987e4b5de9313321,387bb9df853df26f6f2d129c987e4b5de9313321,1,DependencyResolutionException1:1;
BUILD_SUCCESSFUL,5073,5079,7,52805ef3ab1410b309e6dc02e290f7199060c07f,51d5aac385c2dacb0512e0f998af2bd780130f17,0, 
BUILD_FAILURE,5080,5081,2,909ac2c1545bcd9c39cb9f72519d8c960106c700,355333917297fc7611e1edb1a71abb10a2b6164c,1,DependencyResolutionException1:2;
BUILD_SUCCESSFUL,5082,5088,7,6a254a448e11aa9704e5eeb96d48627b3054693a,7910ed66c180d73a8ad09ce4e38ef8c54bf18382,0, 
BUILD_FAILURE,5089,5089,1,2eb01cff141d83f1c60686f608393e436ff067a3,2eb01cff141d83f1c60686f608393e436ff067a3,1,DependencyResolutionException1:1;
BUILD_SUCCESSFUL,5090,5093,4,8ad3fcfcdf730d1be8fa72d1914767c39e79b863,0be8fe06a7bf10fab6f184e0a8062efdcfb76c25,0, 
BUILD_FAILURE,5094,5094,1,8f6bf6b3e8f0dc141b48803b7b2d59f572f7309d,8f6bf6b3e8f0dc141b48803b7b2d59f572f7309d,1,DependencyResolutionException1:1;
BUILD_SUCCESSFUL,5095,5097,3,64110eb9164016bf5b5c5c90ef90c386be066aa6,f7a7b89e9cc67c5fbc8b7af77c5250636071a93c,0, 
BUILD_FAILURE,5098,5100,3,ae980e6e506729a262fd98ae400794f717da58b6,9453f2968d11ea1da0a216cd8a1f4317393c50c6,1,DependencyResolutionException1:3;
BUILD_SUCCESSFUL,5101,5103,3,ed80c0b6b23dcd2c23d8a7693d98e57e06c6e288,ff797501df1dfbdd2213fb4b09e2a88196887759,0, 
BUILD_FAILURE,5104,5104,1,3963f54d57f9150a179f5b4b2c67a0f07d3d1805,3963f54d57f9150a179f5b4b2c67a0f07d3d1805,1,DependencyResolutionException1:1;
BUILD_SUCCESSFUL,5105,5115,11,d62dd20e876f186f18abaeda9099c5c0a213d5d8,beca5043949816970b18a8d9bd022dd722de06f6,0, 
BUILD_FAILURE,5116,5118,3,b64469f3ae1316eead53b7dc8ee390ee030299dd,dcf415ae9e53060a32d1d861f7419d08cd44b82b,1,MojoFailureException1:3;
BUILD_SUCCESSFUL,5119,5123,5,1746cf2d43014c66604db728c1110de5c818e9f7,dce3354b8810fdfe6731583544e006f6237daca1,0, 
BUILD_FAILURE,5124,5127,4,ef84f6197ff09fd47982ad6ed45e521e77668b9f,5b749eb350de67e42e28e4edfabf344724219fb5,1,ProjectBuildingException1:4;
BUILD_SUCCESSFUL,5128,5159,32,ad7381bd25b188f6210b81e7ebd3810ff3b562e1,f4325b3dfb563ea00d5dc86b879356384886dbeb,0, 
BUILD_FAILURE,5160,5262,103,ab21ba57385e7137e60ddfe3802eabc3eeec2e3d,3a1e84d462a5bce29bf1f025563f4a630a272d9f,10,DependencyResolutionException1:1;ArtifactResolutionException2:6;DependencyResolutionException3:31;ModelParseException4:1;DependencyResolutionException5:32;ArtifactResolutionException6:2;DependencyResolutionException7:3;ArtifactResolutionException8:1;DependencyResolutionException9:4;ArtifactResolutionException10:22;
BUILD_SUCCESSFUL,5263,5317,55,e2b8fa7629ffa770c20e1a26f28090d68f85934d,2af984324938dede20c410a757f6d3d8a30bc69e,0, 
BUILD_FAILURE,5318,5318,1,d0eb0b5d0d6e66a634eed67239b637538b7ab085,d0eb0b5d0d6e66a634eed67239b637538b7ab085,1,MojoFailureException1:1;
BUILD_SUCCESSFUL,5319,5340,22,03a5fcba8d70aa11be722b68843d2b4cea4d8343,7fc77ea9aff2fe91adf6c664c22e98fd0b5a9767,0, 
BUILD_FAILURE,5341,5358,18,a47fd80bae0c3805c3d7bda426972c294abe4c7e,db907a94a3a484000ef20446992b9e27dab87f4c,1,DependencyResolutionException1:18;
BUILD_SUCCESSFUL,5359,5359,1,4ea2215ae58dfc23b7719d5a5dc6cfa6c2c0ee03,4ea2215ae58dfc23b7719d5a5dc6cfa6c2c0ee03,0, 
BUILD_FAILURE,5360,5376,17,dd64a80f7573812b87ee276def95dd1614a5f056,d1692f497cbb913c48be2640da035cc86908b09e,2,DependencyResolutionException1:8;MojoFailureException2:9;
BUILD_SUCCESSFUL,5377,5377,1,52b1745bf4fa02501fc26b4f6588056fcb85e7b6,52b1745bf4fa02501fc26b4f6588056fcb85e7b6,0, 
BUILD_FAILURE,5378,5410,33,455533dafc14eeeacade11622f121fceeb44177c,b50ff8811bfc3638e0421fa64cd4afc305c24e11,6,ArtifactResolutionException1:9;DependencyResolutionException2:1;ArtifactResolutionException3:8;DependencyResolutionException4:2;ArtifactResolutionException5:10;DependencyResolutionException6:3;
BUILD_SUCCESSFUL,5411,5424,14,45ce81410620d95a87147a91536363b5138812e8,fc93ce4479065e1cff444cb7f7afb97b100bdc37,0, 
BUILD_FAILURE,5425,5425,1,1654b4431bdfe097767ae02a46aa47efc8eeab92,1654b4431bdfe097767ae02a46aa47efc8eeab92,1,DependencyResolutionException1:1;
BUILD_SUCCESSFUL,5426,5428,3,356168ecc31095aac9078e0c9ff8f513331d96f3,c8629046ad19e5cab740542919cc86be6b9c2ff7,0, 
BUILD_FAILURE,5429,5436,8,daebde46a1e3c44ca440a552bea4434c9afd9de2,781a1efd1369f9c7c7d645e72a9796a4e1552729,1,DependencyResolutionException1:8;
BUILD_SUCCESSFUL,5437,5439,3,2591c5c7f5b47d6a31492a2b4c1cd7f88da1e9f7,17368f0fc01c049df51893bd86ddd6a3cca96292,0, 
BUILD_FAILURE,5440,5440,1,d35a4c43385694667138c3725aac09a40497730e,d35a4c43385694667138c3725aac09a40497730e,1,DependencyResolutionException1:1;
BUILD_SUCCESSFUL,5441,5464,24,2c26cc0ebd7e74f075b6664406b984e20ef3cd0f,d357fde4529d40cc2c2798ec790399afc3f3afdf,0, 
BUILD_FAILURE,5465,5466,2,05b79a10b19655130ff104370430032f8db9640d,9c4cdd47333e692ea1430870ea91ec1ff5fff7a8,1,MojoFailureException1:2;
BUILD_SUCCESSFUL,5467,5473,7,1376881d6c5539db1360d90914641a59de075470,14b2dd2258532c05e0b1c4d08a67e12ef076b7b6,0, 
BUILD_FAILURE,5474,5475,2,fd0a463670708ea4faee47a35a0661d0b2a86786,ea1b414aacfcdbc32446638361e96de656f65ac1,2,PluginExecutionException1:1;MojoFailureException2:1;
BUILD_SUCCESSFUL,5476,5479,4,107b320a34c814562ad7333df1270ad16619a214,58c011562f0a5de9395c4d40337403e907f5462a,0, 
BUILD_FAILURE,5480,5496,17,ff75562bcc6edc84e94d2d4375c56c3a003a7c1c,bcb9ed2fa00b35a98c134cd712ffe04fb1c60a5e,5,DependencyResolutionException1:1;ProjectBuildingException2:1;DependencyResolutionException3:4;ProjectBuildingException4:1;DependencyResolutionException5:10;
BUILD_SUCCESSFUL,5497,5507,11,4b7edc3c3106e7e734f74923929e63bb9a243efa,91e721ed50d41cfe4ec73599c64a081fc4259335,0, 
BUILD_FAILURE,5508,5508,1,e6b71d999436960ed9b970c04861b3fee87b7789,e6b71d999436960ed9b970c04861b3fee87b7789,1,DependencyResolutionException1:1;
BUILD_SUCCESSFUL,5509,5533,25,fd4dbaac9373ce906a870663769bd7465b6c18db,1694080fd6b53f099bce676acf72771770926a3c,0, 
BUILD_FAILURE,5534,5535,2,631a06a0b14f07723b579d2dece048bf9b823968,a184629bb0d99f6845d9a0fd1eaec5cae365c3bb,1,MojoFailureException1:2;
BUILD_SUCCESSFUL,5536,5538,3,baf06ab54faa58dd66da8fc044cc8e44a73cabdc,d8380402ea87bdf0c31f66fe50073676f87d48d3,0, 
BUILD_FAILURE,5539,5539,1,f4bc0334a611ad6d6b3975be77a4d10ce9307165,f4bc0334a611ad6d6b3975be77a4d10ce9307165,1,MojoFailureException1:1;
BUILD_SUCCESSFUL,5540,5559,20,fa072074ccc621abb0472a963c52301a53bb9e67,20a7936c92c74d8b58e6960dcd5f9a6e3c5f7063,0, 
BUILD_FAILURE,5560,5560,1,7a0cc2952889d23379845377caa462baa92dd22d,7a0cc2952889d23379845377caa462baa92dd22d,1,DependencyResolutionException1:1;
BUILD_SUCCESSFUL,5561,5607,47,0ea7b71f368701517ed6e50c34d2c9c7614a3dd7,740efe80d614eff8b3887bde51d2754f02838800,0, 
BUILD_FAILURE,5608,5608,1,28f2cc73024130eba0add03bf93224b26c5c5852,28f2cc73024130eba0add03bf93224b26c5c5852,1,DependencyResolutionException1:1;
BUILD_SUCCESSFUL,5609,5633,25,3a6e724d10e790764735306e0fa013e89b3bc2a9,51585dcce06fe6c711e06519a5b1b6b8a531fef2,0, 
BUILD_FAILURE,5634,5634,1,981680d3b1a43a5ca0cbb8e7b50b40ee29d1c841,981680d3b1a43a5ca0cbb8e7b50b40ee29d1c841,1,ProjectBuildingException1:1;
BUILD_SUCCESSFUL,5635,5635,1,12436435d8b774343603df7acb88a3e20a81fd85,12436435d8b774343603df7acb88a3e20a81fd85,0, 
