STATUS,START,END,SIZE,COMMIT_START,COMMIT_END,NUM_DIFF_EXCEPTION,EXCEPTION_:_SIZE
NO_POM,0,2,3,8bc1dee309f52c765e17fe42dc0ae43244ea4e5c,16b9240d2dfb46e20f28c8a7bb835dfe765e7ab4,0, 
BUILD_SUCCESSFUL,3,3,1,efd609b3dd48054c2ab83970901b70e2826115f2,efd609b3dd48054c2ab83970901b70e2826115f2,0, 
BUILD_FAILURE,4,10,7,23e0a7603c5934a607a4979085ac32e879c1d05c,c9258138de8ba51d4c6c4c88a0dc2a32e2d55462,3,ProjectBuildingException1:1;CompilationFailureException2:3;DependencyResolutionException3:3;
BUILD_SUCCESSFUL,11,75,65,100dca18879d5d3eac005aa89e8d0baaff88827f,c36b3c9b54419b66bef51287a99d3c5d815506b3,0, 
BUILD_FAILURE,76,86,11,52331879c09d59a300f7c44d5c1e19da134163ec,b84c930fa89a20d0436e09ba58df1c7c84932f5a,2,ArtifactResolutionException1:8;DependencyResolutionException2:3;
BUILD_SUCCESSFUL,87,87,1,444f66a408366fb46ff6ee5b7b3366b52be69f99,444f66a408366fb46ff6ee5b7b3366b52be69f99,0, 
BUILD_FAILURE,88,90,3,c002eaa60aaace2dac82103d2e764fc2c4140542,5523b3cfde7617cf85adfb540f3e2c9cb50ac0d1,1,DependencyResolutionException1:3;
BUILD_SUCCESSFUL,91,91,1,47de8c97903c4c366221d02c99769324f96ae893,47de8c97903c4c366221d02c99769324f96ae893,0, 
BUILD_FAILURE,92,121,30,7bcb7a43e1af8425184382e65cedc624256e5d24,0871f44096a91ea2d9b3a1e1e8c5cba54ff0b15d,2,DependencyResolutionException1:29;ArtifactResolutionException2:1;
BUILD_SUCCESSFUL,122,122,1,f5e573b866c51fe53a2cc4dafccf76a821b8cc2d,f5e573b866c51fe53a2cc4dafccf76a821b8cc2d,0, 
BUILD_FAILURE,123,128,6,8e719ca3493346469b5a197b328044c7ef23f8b8,0e2633cb7b9b9b1795ddac84c14b53196b4efbcd,2,ArtifactResolutionException1:4;DependencyResolutionException2:2;
BUILD_SUCCESSFUL,129,133,5,18bee13259a50aff324a7958b8cdfde05664a1d9,e2659e967803785b8a77a820f0e74f06183fd2f5,0, 
BUILD_FAILURE,134,135,2,638c6f2a97c2e42e7cb16b53c43466ba558330a9,f41f48baf56e123ba9f4c2b0d5c2a4a39e32afae,1,DependencyResolutionException1:2;
BUILD_SUCCESSFUL,136,153,18,fc9b01fbfeffb3d0e44b16ec753da76ce2e2cd46,f90c9caf5c50b6ef54bde3c6d136fa329ae0d97b,0, 
BUILD_FAILURE,154,158,5,ac576f24665a1327df0bd4ff72ded01b62e093b5,ba9cb0d652442fc500dda826f36bc7eb35b32711,1,ArtifactResolutionException1:5;
BUILD_SUCCESSFUL,159,175,17,7bae7d1c4ddefc8b6341a90a82a18a9b5753f1cf,25f3f24977f8b6581879274567ec872ded85bc1c,0, 
BUILD_FAILURE,176,181,6,e7cadf87fa3a92ca3820826c47a2e42a88da5cc9,d70be223749d775551b2d0e7f25307c2ecead411,1,ArtifactResolutionException1:6;
BUILD_SUCCESSFUL,182,183,2,0df84fb08dd817d77d31e24f1333147c061d0089,9a983722d27a857af2aef68cc285ff7ecc5178de,0, 
BUILD_FAILURE,184,184,1,78b627bf54f732d249d6f9164de1d5dd07d2e8e4,78b627bf54f732d249d6f9164de1d5dd07d2e8e4,1,MojoExecutionException1:1;
BUILD_SUCCESSFUL,185,187,3,6872ec860901ecc3e79325d6b5e5ae46f1059b53,1c9663e92c59be8f517d96f07f085b21b9b8f8cc,0, 
BUILD_FAILURE,188,194,7,2236755e4d74eb3b8d6ae7ef7fc2610c42540bac,7358ceb80ea0f463ca41c0c368fa1f7faaf5266a,3,MojoExecutionException1:2;ArtifactResolutionException2:2;MojoExecutionException3:3;
BUILD_SUCCESSFUL,195,195,1,7783b985f2e72d4dc4fb5ce9af06115c7aab969d,7783b985f2e72d4dc4fb5ce9af06115c7aab969d,0, 
BUILD_FAILURE,196,214,19,aea03cfba3d1333b741f0f5beac613f918bed979,d607d00ce587eae1b127d7253d6153245658242c,1,MojoExecutionException1:19;
BUILD_SUCCESSFUL,215,215,1,c5a761aa399e0dd4cf737b14af5c1f71978a5f92,c5a761aa399e0dd4cf737b14af5c1f71978a5f92,0, 
BUILD_FAILURE,216,225,10,e55973df5f417648ca6343be688ded84f1f0e8d5,cee44523144d522086f09645d2c23c99f2080d48,1,MojoExecutionException1:10;
BUILD_SUCCESSFUL,226,226,1,48e5414a0efdf1e964d8c3543f25597fc52e195e,48e5414a0efdf1e964d8c3543f25597fc52e195e,0, 
BUILD_FAILURE,227,229,3,454cee066ef36d02013376f74418efb2f4b877de,6d58587f91cd062b9b3b454fd57f9ca610ddea08,1,MojoExecutionException1:3;
BUILD_SUCCESSFUL,230,230,1,920f39490168006c9fa5bd77e50cec0b013d7da4,920f39490168006c9fa5bd77e50cec0b013d7da4,0, 
BUILD_FAILURE,231,256,26,a33641b0a2c3c9629bd7dd167a0236fe0b89a9b2,bb9ae08939b207e116fbbbecd972f1d2defe8df4,5,MojoExecutionException1:6;MojoFailureException2:1;MojoExecutionException3:16;ArtifactResolutionException4:1;MojoExecutionException5:2;
BUILD_SUCCESSFUL,257,257,1,3fb4e14feacc17832bb83ac492ea687782cf52de,3fb4e14feacc17832bb83ac492ea687782cf52de,0, 
BUILD_FAILURE,258,310,53,460b4a9d5777450ce4338678cf2e587759c40485,e02c560fc24fd0eef76f997de44354a9b1d953d0,1,MojoExecutionException1:53;
BUILD_SUCCESSFUL,311,311,1,f6cca0e871f4bf6d62fed0a4f62235672530c5bf,f6cca0e871f4bf6d62fed0a4f62235672530c5bf,0, 
BUILD_FAILURE,312,315,4,134b46d120b347ef598b8e8ee533f4ed6c758ed4,db86d3a891e2074d10525afc296bcdbec0673a4d,1,MojoExecutionException1:4;
BUILD_SUCCESSFUL,316,316,1,bbefb75376912d9d36605b282c2080964a8dcf85,bbefb75376912d9d36605b282c2080964a8dcf85,0, 
BUILD_FAILURE,317,317,1,22a9bb4cb7d0f7c7b96eba3f7507c5101d70645d,22a9bb4cb7d0f7c7b96eba3f7507c5101d70645d,1,MojoExecutionException1:1;
BUILD_SUCCESSFUL,318,318,1,bf0dfb0eccebcbf17608ce9616620988cf062548,bf0dfb0eccebcbf17608ce9616620988cf062548,0, 
BUILD_FAILURE,319,331,13,8b3b9b5931b46e06ed45576fbbe117d461ce8ff2,a5e084f7310183f9b0884db849e1af95245921a6,1,MojoExecutionException1:13;
BUILD_SUCCESSFUL,332,332,1,2071953a617d95b4e2c47ef3f245f660334f8fd3,2071953a617d95b4e2c47ef3f245f660334f8fd3,0, 
BUILD_FAILURE,333,342,10,233fa078b197b9061b2e09c9a93b0544db4b6a26,5701a0079ecc03a4e6a008f383464a0c1ca57f0a,1,MojoExecutionException1:10;
BUILD_SUCCESSFUL,343,396,54,de9f6ad58c175d8684de378f2a305e8984e9409c,63dce3260889b4beaf27144d546d01ff0f3ea550,0, 
BUILD_FAILURE,397,410,14,1221d02e9b4b49e15040e23ff7f82dd8813cb77d,4d891f10b4f5912249acddfa8029a755802af91a,1,MojoFailureException1:14;
