STATUS,START,END,SIZE,COMMIT_START,COMMIT_END,NUM_DIFF_EXCEPTION,EXCEPTION_:_SIZE
NO_POM,0,31,32,aafbe570875a9d3174f0bb126b86ab0875e39e7d,5f8a3614f005bed8f87c607b69f76699932e581e,0, 
BUILD_FAILURE,32,51,20,eab481e7b472d1661b3e7624be575ce1d9617590,220e878d719728a467641a7e08d349be99d6585d,3,DependencyResolutionException1:7;ProjectBuildingException2:5;CompilationFailureException3:8;
BUILD_SUCCESSFUL,52,73,22,57f0fb2ea1a4a49a9e709fcc446eccd8b80bd248,cec7ccf759846d4f00767996623c7f99bc28346f,0, 
BUILD_FAILURE,74,78,5,a4d15e027a62cfc001751952eb891fdd4489121e,a61516653c6726bb96c52544cdf2f301098c5611,1,CompilationFailureException1:5;
BUILD_SUCCESSFUL,79,128,50,32b14bae6275d5bea3eabfc74e38463b12e39600,d23e29ab2549b4a795cf37da05c2bb561c43b7fb,0, 
BUILD_FAILURE,129,132,4,ce0fe8f5ffa08bf3bc1751e23f0b7cd4923f6a8e,3c00c9099f7c92d0e10a94004159025a824c75c4,2,DependencyResolutionException1:1;ProjectBuildingException2:3;
BUILD_SUCCESSFUL,133,162,30,cab9cc0c0adf7209f0c564022a4a3adead2acd69,c8f6eec3e0d69591a81c73588039996086d583b5,0, 
BUILD_FAILURE,163,163,1,666abc09bcecdfc470f1aebc6cabb3ca1076e02b,666abc09bcecdfc470f1aebc6cabb3ca1076e02b,1,CompilationFailureException1:1;
BUILD_SUCCESSFUL,164,165,2,824677c6717a7a4d6c65f6a33ef7ac9c90e8a32d,39baf685ad89f6c3373dc859fbc24bfcb98184be,0, 
BUILD_FAILURE,166,166,1,419ed8c0fdfac5985f568095157cff0b39d097d3,419ed8c0fdfac5985f568095157cff0b39d097d3,1,CompilationFailureException1:1;
BUILD_SUCCESSFUL,167,168,2,d1975aa1a0f65c9ff2934afd86fdd938b5940780,689d74b1b4256a0929b968806524ff946f35faf7,0, 
BUILD_FAILURE,169,169,1,dd231102a74b4e3e846cce00a07db93b26b855fb,dd231102a74b4e3e846cce00a07db93b26b855fb,1,CompilationFailureException1:1;
BUILD_SUCCESSFUL,170,215,46,5d3acabe1bc21d79d4f44004fc2bebecf2027045,645b33e4a6ce3541951f692622e6b33ded7e445b,0, 
BUILD_FAILURE,216,216,1,94e9c49bfadfe8618ed1f5fc1b947d61e65e436f,94e9c49bfadfe8618ed1f5fc1b947d61e65e436f,1,CompilationFailureException1:1;
BUILD_SUCCESSFUL,217,219,3,fe6718988f90bd491a95de6e050a521f90c039f0,d0f0b83d51d242311cd8861a66682fd17ac60ecd,0, 
BUILD_FAILURE,220,223,4,103b024092b3fb86d94abad0f0966962f493fe40,109ccc726166dbfc186aa171856d4a65dfdafacc,1,CompilationFailureException1:4;
BUILD_SUCCESSFUL,224,224,1,fef83002b0a7f8c3e6a3e71f74164cd6b834fa30,fef83002b0a7f8c3e6a3e71f74164cd6b834fa30,0, 
BUILD_FAILURE,225,226,2,fac37b54e94060923e02bab42ccdf3f21d418edc,a594850a221567a5059f5d951d0a908255d577bc,1,CompilationFailureException1:2;
BUILD_SUCCESSFUL,227,252,26,8f28ca6c23645398348f430bf439dc5c254e789d,365c4581c8a7b3400b54c02e001357a0995fda61,0, 
BUILD_FAILURE,253,254,2,5f93691bfafaa0eb58b7669f77158164207abd29,5798cc7ed6876dc328c41a9db1cd7863727f86cd,1,DependencyResolutionException1:2;
BUILD_SUCCESSFUL,255,272,18,54032a052a753e958cabd36481d70ff9f3df68ef,207f8a62d7a6a0411ccf663614403a6567e8d0f9,0, 
BUILD_FAILURE,273,273,1,c7f26e738978d471b01ba6cdd28962174b2f88bb,c7f26e738978d471b01ba6cdd28962174b2f88bb,1,DependencyResolutionException1:1;
BUILD_SUCCESSFUL,274,277,4,14b50df80590996509fffc77df85b3f2f2065830,157ded8930285273b05131af6e89f65e995d9993,0, 
BUILD_FAILURE,278,283,6,47025d7b70bed93b1b12094cfebfa9c3718fc497,f5269e418239f077aad719ca345ec837c825ac2a,1,DependencyResolutionException1:6;
BUILD_SUCCESSFUL,284,285,2,18f47ce3929c759122cf3911762be720fd8190bf,0e1df071e667adcf3b0e993ddf8d80de3462a22b,0, 
BUILD_FAILURE,286,288,3,ed01822b833c40bb1785969424d5887bf5a70021,0a71bcdae6df7dfb8d3cb55d23f1f5b567659cd7,1,CompilationFailureException1:3;
BUILD_SUCCESSFUL,289,302,14,c5f5e36c3be71797602d73fe5ed9a76589ec6c5e,89986f16af12fe3471cdd2ccb139362238b46c35,0, 
BUILD_FAILURE,303,303,1,2ca5429220471633a541e353db383a415a4143a9,2ca5429220471633a541e353db383a415a4143a9,1,CompilationFailureException1:1;
BUILD_SUCCESSFUL,304,316,13,cc9358ec6c46b81fae4ed45bed5b619adb398ebe,88c9fbbae297f8b9143b3e69d6d00c25d01cfcc2,0, 
BUILD_FAILURE,317,317,1,729b865fac5488b416a81d96306ec8fa1d35aee9,729b865fac5488b416a81d96306ec8fa1d35aee9,1,CompilationFailureException1:1;
BUILD_SUCCESSFUL,318,339,22,73c8534f589f25536c5b839286fe6334a4b434f0,1bbadfd353e0a1f5ece3e71ed704ead00e15f065,0, 
BUILD_FAILURE,340,340,1,98ff86a359fa3b6b35070e242a320773f8eab63c,98ff86a359fa3b6b35070e242a320773f8eab63c,1,CompilationFailureException1:1;
BUILD_SUCCESSFUL,341,347,7,56525a53f3a13435ab31ed8917ba69c78f93f897,35ba70d4369a632301abe18cc73f6b2ce63dc9da,0, 
BUILD_FAILURE,348,348,1,b206381a65a30b7e4d68fd298c5b3004490f87de,b206381a65a30b7e4d68fd298c5b3004490f87de,1,CompilationFailureException1:1;
BUILD_SUCCESSFUL,349,379,31,af32b6256acd9acf9718b25f1cb65e95b7390fff,9c4b5f68a69e1d6a8c6f8754d145699e397410dd,0, 
BUILD_FAILURE,380,1066,687,fde5c0543483ddf5bc27f23cc2f2ad37db9af1be,354037d32dea682d87a92b6e0824782817465dfd,57,DependencyResolutionException1:1;CompilationFailureException2:2;DependencyResolutionException3:4;CompilationFailureException4:3;DependencyResolutionException5:1;CompilationFailureException6:2;DependencyResolutionException7:5;CompilationFailureException8:2;DependencyResolutionException9:23;CompilationFailureException10:2;DependencyResolutionException11:84;CompilationFailureException12:3;DependencyResolutionException13:5;CompilationFailureException14:1;ProjectBuildingException15:2;DependencyResolutionException16:5;CompilationFailureException17:1;DependencyResolutionException18:1;CompilationFailureException19:1;DependencyResolutionException20:5;CompilationFailureException21:1;DependencyResolutionException22:5;CompilationFailureException23:1;DependencyResolutionException24:1;CompilationFailureException25:1;DependencyResolutionException26:4;CompilationFailureException27:1;DependencyResolutionException28:2;CompilationFailureException29:1;DependencyResolutionException30:6;CompilationFailureException31:3;DependencyResolutionException32:7;CompilationFailureException33:1;DependencyResolutionException34:18;CompilationFailureException35:1;DependencyResolutionException36:24;CompilationFailureException37:1;DependencyResolutionException38:19;CompilationFailureException39:1;DependencyResolutionException40:8;CompilationFailureException41:1;DependencyResolutionException42:4;CompilationFailureException43:1;DependencyResolutionException44:4;CompilationFailureException45:1;DependencyResolutionException46:2;CompilationFailureException47:1;DependencyResolutionException48:37;CompilationFailureException49:1;DependencyResolutionException50:3;CompilationFailureException51:1;DependencyResolutionException52:3;CompilationFailureException53:2;DependencyResolutionException54:13;CompilationFailureException55:1;DependencyResolutionException56:14;ArtifactResolutionException57:339;
BUILD_SUCCESSFUL,1067,1067,1,58e57791246194e2615d328622739863ded8551e,58e57791246194e2615d328622739863ded8551e,0, 
BUILD_FAILURE,1068,1390,323,7ba946c1518de4b84312082062b55bb336cbe4bb,fc70b23ba7d97ccaf594b1e055462a69541c7fa6,6,ArtifactResolutionException1:6;DependencyResolutionException2:1;ArtifactResolutionException3:212;ModelParseException4:2;ArtifactResolutionException5:74;DependencyResolutionException6:28;
BUILD_SUCCESSFUL,1391,1407,17,b05ded557186f72d9ccd4e89dc0f3fa1d39567ff,43c3257c86493199b107e2cc46ce16e96c451d37,0, 
BUILD_FAILURE,1408,1409,2,062d4612a335cf7ca94e066d4d1db6b771ed57ec,5628953c245fe7337a57eae303b22857ec09446f,1,MojoFailureException1:2;
BUILD_SUCCESSFUL,1410,1442,33,bcf8b9a1ca39d813960064673ea71ce8a151e40b,20c3256348e77d61bcf30da8f77bfbd9c36127ab,0, 
BUILD_FAILURE,1443,1443,1,d07c39a4053c02efd9f3bad6f5f1ee4b360b1499,d07c39a4053c02efd9f3bad6f5f1ee4b360b1499,1,MojoFailureException1:1;
BUILD_SUCCESSFUL,1444,1459,16,30de40eaf2b675b56259e41ff376a2d64837152f,d58cd4194dea86c8de10e4cf32ce89d0dc81e3c3,0, 
BUILD_FAILURE,1460,1460,1,e5b620657ed94fc91f10f32edb66ca74c425d096,e5b620657ed94fc91f10f32edb66ca74c425d096,1,MojoFailureException1:1;
BUILD_SUCCESSFUL,1461,1466,6,396e9d6398b5793537fc07d9be46e55ea0da5e8c,5febc9716e3d7e784049a61f9cf13b7f5cc60717,0, 
BUILD_FAILURE,1467,1467,1,1f0bab88f2226d2a3c892c763373f7d88528f605,1f0bab88f2226d2a3c892c763373f7d88528f605,1,MojoFailureException1:1;
BUILD_SUCCESSFUL,1468,1574,107,80dab102e09a8e350d9a2c16ff8ae579d012c73c,bc48a0ca5e253f368cc0d49977a96f90fec702e3,0, 
BUILD_FAILURE,1575,1578,4,779ff767fdd3f95185e7e0e50532a24c842af7af,c16a9d2f13de96ac68a4820607715979290077db,1,MojoFailureException1:4;
BUILD_SUCCESSFUL,1579,1586,8,540d73495ef5db840b88ae3237ed99757238d439,8899ffd47aac2fd693371f5ff23d8eb85295d49a,0, 
BUILD_FAILURE,1587,1587,1,a29e6a4d084b9d68d091366b4a21a31dac1abe17,a29e6a4d084b9d68d091366b4a21a31dac1abe17,1,MojoFailureException1:1;
BUILD_SUCCESSFUL,1588,1600,13,15b01eb6494fbc3877f5546985512c16f8ba3d9d,3d85337f60b86017a159f20a3bb3f38a51707217,0, 
BUILD_FAILURE,1601,1602,2,1d576ebfc4d00faf87b011950ff6603ecc7c64e8,c5714d27e235281afe699f68fffedbebeb22ec30,1,MojoFailureException1:2;
BUILD_SUCCESSFUL,1603,1611,9,3e4f914d4c03698be36f25ef1acd6ba1ed69e5f9,053374a5cdc22cf5719470ef5d21c3a2eef89993,0, 
BUILD_FAILURE,1612,1612,1,37470f68aadcd5f0d328928e713887a883c44adb,37470f68aadcd5f0d328928e713887a883c44adb,1,MojoFailureException1:1;
BUILD_SUCCESSFUL,1613,1617,5,cd672bcc21b5b5590520babf5d23cef42e090cf2,2acd1dbeb6ea82d380144b2577f09560d3bcdc24,0, 
BUILD_FAILURE,1618,1619,2,c0913ef35e0156cd9f6b49f00a933100557f3cee,94c28133ae7d2f2b1785fabc2de2c782c52567d3,1,MojoFailureException1:2;
BUILD_SUCCESSFUL,1620,1633,14,3d66252b404783636d32bc5a576882ede7e4ce1e,cbdeea9af7481098d7ae6582342c7099130c90d6,0, 
BUILD_FAILURE,1634,1635,2,513690d38d4f47424de446229c651b7a3dc852da,63950034852aba664244e0a8d6ab043173372b8f,1,MojoFailureException1:2;
BUILD_SUCCESSFUL,1636,1639,4,7e6a44e5d8a25011f00fbfb06688ae550605320b,a166c8dbbd843c15423204e5b8f25c72ac77f770,0, 
BUILD_FAILURE,1640,1640,1,006c25d46f32827d5c315651b8ae754434a28fa0,006c25d46f32827d5c315651b8ae754434a28fa0,1,MojoFailureException1:1;
BUILD_SUCCESSFUL,1641,1643,3,edbd532ca9422645c9a4b6e9c0700ec53c93e255,c86bdfcac56bc8772ec3c5d048f7f499d5fd50ad,0, 
BUILD_FAILURE,1644,1645,2,e1b3ce40750ac9c5761f7442be74a8cf55923247,15bac6c3b022601cdc5837818c9c7cdf2ea3c116,1,MojoFailureException1:2;
BUILD_SUCCESSFUL,1646,1649,4,1cdd7c43d8925471923c476c7ed6c3d224089c59,48319c1d0c67f97e3a9405af6b2791d81e9aa35d,0, 
BUILD_FAILURE,1650,1650,1,53f4b26b466282b60dae7347ac41be7dcc1ae0ab,53f4b26b466282b60dae7347ac41be7dcc1ae0ab,1,MojoFailureException1:1;
BUILD_SUCCESSFUL,1651,1651,1,3cc610681b7eb63049fcdeaad51787c820281d23,3cc610681b7eb63049fcdeaad51787c820281d23,0, 
BUILD_FAILURE,1652,1659,8,73f848364e4cd68a466287fe9eae32749503ebcb,542e93fae10265622c053983d56248257979d9cf,1,ArtifactResolutionException1:8;
BUILD_SUCCESSFUL,1660,1669,10,293e4094d8ff61f1e0519707fd3dfff5116aef38,8a2deb9067a6ee38738c30428c59a18dff5322e3,0, 
BUILD_FAILURE,1670,1670,1,5b2f1ecca33bff2cf6ddf7cf6570439948116f5d,5b2f1ecca33bff2cf6ddf7cf6570439948116f5d,1,MojoFailureException1:1;
BUILD_SUCCESSFUL,1671,1714,44,04da34d08774dc0031fe3fd6258e84030e3de685,132db0e77b18a34bc8d0e79ade81bbc170a88636,0, 
BUILD_FAILURE,1715,1715,1,f23a9e0b4bcd6d24c17c766b864ea3e839125443,f23a9e0b4bcd6d24c17c766b864ea3e839125443,1,MojoFailureException1:1;
BUILD_SUCCESSFUL,1716,1780,65,bdec65e908047cdd92c298cd668ac847955a3236,6afc4ed6dc42893236cc914de5b1f43824c4ecea,0, 
BUILD_FAILURE,1781,1781,1,b158b7f799a2b10c017b95f7d75adc77d5f1b8de,b158b7f799a2b10c017b95f7d75adc77d5f1b8de,1,MojoFailureException1:1;
BUILD_SUCCESSFUL,1782,1885,104,5b6a9d4e2755d5f7c96c9dc18a3f4019ab8bf9b0,20539a96dd14e2b6c399534e8e4f8223777fa2ed,0, 
BUILD_FAILURE,1886,1932,47,ce20f477097bf590bda7c66dd82187e1f91a6d62,c56a33fa2efa3c2a88f24b35a25cd7c40e2d9bb0,3,MojoExecutionException1:11;MojoFailureException2:2;MojoExecutionException3:34;
BUILD_SUCCESSFUL,1933,1933,1,51579ea4944e9361f0847654c2efbf5ec1593134,51579ea4944e9361f0847654c2efbf5ec1593134,0, 
BUILD_FAILURE,1934,1942,9,f7541ff70716a4938678059ec4d5088531ed4d0d,95969cf903ab8696fe8951997787fb63c3263c9b,1,MojoExecutionException1:9;
BUILD_SUCCESSFUL,1943,1943,1,c493457fce34ae28383e04af1ae3bc5405ffbaa4,c493457fce34ae28383e04af1ae3bc5405ffbaa4,0, 
BUILD_FAILURE,1944,1965,22,74d7a0d8f79e3e903b9868104ebd357191df1662,170f4f831f6b5ad0f0a5fc44ccc4f942297ca631,1,MojoExecutionException1:22;
BUILD_SUCCESSFUL,1966,1966,1,15b29197e0fe80c9e059cd99aba2ca8d70986659,15b29197e0fe80c9e059cd99aba2ca8d70986659,0, 
BUILD_FAILURE,1967,1977,11,c346028197c3525fff103081d8c61f2263c3d433,a0380dbd0bc2e4394777f08858d75ed363e55f0b,1,MojoExecutionException1:11;
BUILD_SUCCESSFUL,1978,1978,1,b658f63fde1e0f00d1956e6fb108ccdc10738f9d,b658f63fde1e0f00d1956e6fb108ccdc10738f9d,0, 
BUILD_FAILURE,1979,2044,66,c246e8095808bf93ec564d6b43827c3dd4685e79,33450431c87f4caededcddd0685bbba7b75787fa,3,MojoExecutionException1:29;ProjectBuildingException2:1;MojoExecutionException3:36;
BUILD_SUCCESSFUL,2045,2045,1,5b63b830dc4c5943b0fc83cbcfc916ed40574de2,5b63b830dc4c5943b0fc83cbcfc916ed40574de2,0, 
BUILD_FAILURE,2046,2047,2,7032abe211c308dcfd8553cb6ce88518b1ca6f4d,2a5479515d7a2abab8125ffce6554b0742f5a815,1,MojoExecutionException1:2;
BUILD_SUCCESSFUL,2048,2048,1,7815c63ebf687614ae0be271340fb365a663d183,7815c63ebf687614ae0be271340fb365a663d183,0, 
BUILD_FAILURE,2049,2050,2,98a8faa011959675930acf8e1024cea668ceed4a,a539dca96a05b1af1e191a2c6260230f2a60568d,1,MojoExecutionException1:2;
BUILD_SUCCESSFUL,2051,2051,1,9298053df7ebb7dffb99d1b65e1fa5e179c9f7e3,9298053df7ebb7dffb99d1b65e1fa5e179c9f7e3,0, 
BUILD_FAILURE,2052,2130,79,ad40b48496d68b167ed2c997f411208b0a290d18,1d504d1eb610211b628ad27f19c4fd3642e9d83c,5,MojoExecutionException1:21;MojoFailureException2:2;MojoExecutionException3:12;MojoFailureException4:1;MojoExecutionException5:43;
BUILD_SUCCESSFUL,2131,2131,1,e839a3b1cf2598c9e7d1657d8c0939e5bf486ba8,e839a3b1cf2598c9e7d1657d8c0939e5bf486ba8,0, 
BUILD_FAILURE,2132,2155,24,7225f20d8acb98505c7d967763e38b4d79d87524,9d90c47baf737be60da3fb2f273ff92a3043212f,1,MojoExecutionException1:24;
BUILD_SUCCESSFUL,2156,2156,1,e978a779612ce01d2abce73524ca2afab890d46d,e978a779612ce01d2abce73524ca2afab890d46d,0, 
BUILD_FAILURE,2157,2176,20,704c5abe95c93fe0a23e44d4a3b7dcc78faf7932,c8897a6f979cbdaae424c61911534029f406b355,3,MojoExecutionException1:2;ModelParseException2:4;MojoExecutionException3:14;
BUILD_SUCCESSFUL,2177,2177,1,f04819d41ef94c6d6cf04279ce1343be43c384c6,f04819d41ef94c6d6cf04279ce1343be43c384c6,0, 
BUILD_FAILURE,2178,2683,506,87e45e8a71a04f456fac690b5f77df5f7ed0d3af,6d5c73b61c56cb8af3d58c3192128802b27cb56d,15,MojoExecutionException1:32;ArtifactResolutionException2:2;MojoExecutionException3:124;MojoFailureException4:160;MojoExecutionException5:28;MojoFailureException6:1;MojoExecutionException7:2;DependencyResolutionException8:1;ProjectBuildingException9:1;DependencyResolutionException10:83;MojoExecutionException11:3;MojoFailureException12:1;MojoExecutionException13:54;MojoFailureException14:5;MojoExecutionException15:9;
BUILD_SUCCESSFUL,2684,2684,1,905ceaced499026e94622f2a78979b728dfe6e27,905ceaced499026e94622f2a78979b728dfe6e27,0, 
BUILD_FAILURE,2685,2704,20,41e9c62e8a58ce7f1cd8d0249de8c4740b7667e2,0c72ae84c6cde9f26d246c5df543f903e8f33310,1,MojoExecutionException1:20;
BUILD_SUCCESSFUL,2705,2705,1,c9035fd326972b68ba9794f6ac2d7f36290393a3,c9035fd326972b68ba9794f6ac2d7f36290393a3,0, 
BUILD_FAILURE,2706,2716,11,c01f1b585be8af1942babbee2f4c61adf1251370,75ff265f9e572640a68634c7d18438bb9eed3beb,1,MojoExecutionException1:11;
BUILD_SUCCESSFUL,2717,2717,1,4ba6456e63f02eb52d8189e6cd095dc6424e6e37,4ba6456e63f02eb52d8189e6cd095dc6424e6e37,0, 
BUILD_FAILURE,2718,2835,118,29caec7fe7237a5217159de0aae73bc8c25238eb,807d4204bd4bf58d66179b309c3ee0a53bd00345,3,MojoExecutionException1:4;DependencyResolutionException2:3;MojoExecutionException3:111;
BUILD_SUCCESSFUL,2836,2860,25,6ee0c9d6cf66fb0c83d80a946775462b4bcc228f,80cdf20f1345d4f2abeb75835b3a98fc79e23e31,0, 
BUILD_FAILURE,2861,2861,1,73f5e5fc5c2a0be8462ba83e17a68e57da4b92ed,73f5e5fc5c2a0be8462ba83e17a68e57da4b92ed,1,DependencyResolutionException1:1;
BUILD_SUCCESSFUL,2862,2868,7,c8c9067ce49bcae3501327f6aa8e7d873cd0cf8c,b784c22cb33e4b87e8fe0da41519f307b02e9f14,0, 
BUILD_FAILURE,2869,2879,11,01f2dfde4c3ae792cf70155da822e9e59af41066,3157e5f0962a8df3fb98c378778f0741bdeba0c9,1,MojoFailureException1:11;
BUILD_SUCCESSFUL,2880,2887,8,e60781484aeab5be649e08fb1d91da845ba7343a,76140381eccab2cadc05066b81d9d953f7ec9243,0, 
BUILD_FAILURE,2888,2893,6,5a8876d848ea1e6de9fb18add7d095625952193e,14752f93293b789a5cf00000670b34cdb39828e0,2,ProjectBuildingException1:1;ArtifactResolutionException2:5;
BUILD_SUCCESSFUL,2894,2981,88,2899642d72a2386d42e6a5008113b8364f232e38,88374e0ae0a03a9b8145faedece1c5099d9f0485,0, 
BUILD_FAILURE,2982,2982,1,679bd700194c06aea4ae80c468a45c2bc3f04ee2,679bd700194c06aea4ae80c468a45c2bc3f04ee2,1,MojoFailureException1:1;
BUILD_SUCCESSFUL,2983,3087,105,6ab0f56f06ac4196bf39a060fae79645f74d8a0d,a635ff597c30e8b1aba3623aa76c908ead4118a2,0, 
