STATUS,START,END,SIZE,COMMIT_START,COMMIT_END,NUM_DIFF_EXCEPTION,EXCEPTION_:_SIZE
NO_POM,0,0,1,605d3495b6d329c6232bf02f97acad943039b386,605d3495b6d329c6232bf02f97acad943039b386,0, 
BUILD_SUCCESSFUL,1,6,6,fea4970bc28987264360f37dd51121baabd42d45,d7a2810f3f01afa9041a3d24dfe08a6f35972fda,0, 
BUILD_FAILURE,7,7,1,64208751673faea04863a2223f28ccf40eeb3581,64208751673faea04863a2223f28ccf40eeb3581,1,MojoFailureException1:1;
BUILD_SUCCESSFUL,8,49,42,7ebf68c063351cebd6752b8437c2d7790b4d9784,e16bdd50acc387ff9206de3754a4fff1beb9b893,0, 
BUILD_FAILURE,50,51,2,42a4db22c54c3abb28c13577e9149d377307598c,48da085e778c98648481f1e315d7242f75bce358,1,ProjectBuildingException1:2;
BUILD_SUCCESSFUL,52,119,68,e65b817056c031aced37a4f4df93ce308ef1c236,840d2359a0aa87cf0d514442662fd2be893857dc,0, 
BUILD_FAILURE,120,126,7,b116bd974e615ce0d33497b17489eda4dcf3827b,53f88e66ad7ee5041517660e8ae09b4c03ad665a,1,MojoFailureException1:7;
BUILD_SUCCESSFUL,127,164,38,9cf706c8f48de4160ff1a777e404a5b06d0d77e1,82f6ccca0585fdcf2db4b758466bd4816d3063da,0, 
BUILD_FAILURE,165,166,2,b64f641b459f3db7a1446eaf929728691cc4d913,a757c5cb89590941f13dba89b4d3c43e58d3cd4a,1,MojoFailureException1:2;
BUILD_SUCCESSFUL,167,202,36,f3a571c207af51a5891ca9ea813d061ef39caffe,b08d11d4d0728612cfa5ae5c194c2c5cc42ed07b,0, 
BUILD_FAILURE,203,203,1,410044df2dee6632bf2fcf60d7fed22230ffe3b2,410044df2dee6632bf2fcf60d7fed22230ffe3b2,1,MojoFailureException1:1;
BUILD_SUCCESSFUL,204,258,55,eeb62cb3bbae4b18d8bb7f8c453b2762a0dc44eb,d8e07936fadba6a78ff1a937bd535f4f8d6e385d,0, 
BUILD_FAILURE,259,260,2,57e0a23a9a4e20665e6a2320c22ae49af2af512c,c4d74ce5390aa35e6d9d8b9ef6e7d53338b362a7,1,MojoFailureException1:2;
BUILD_SUCCESSFUL,261,340,80,8eaf0a4be0599b73d9af193999b7b078d6dcad2d,7a4d619d3147476e96797287a1fb4638a8720132,0, 
BUILD_FAILURE,341,345,5,1a1ccbc4313a6b0a8adb79d771964635c1b07ef7,6646f4029d67113d34caf4c9fbad54ed92130b4d,1,MojoFailureException1:5;
BUILD_SUCCESSFUL,346,435,90,dd36fd50945c6c2b8c381dd653cba146da5a786b,5ec98f4891e7be4d57897bece08cc2dc42a0bb75,0, 
BUILD_FAILURE,436,436,1,d9724a877d2516f89950a784ee5b351766435eb1,d9724a877d2516f89950a784ee5b351766435eb1,1,MojoFailureException1:1;
BUILD_SUCCESSFUL,437,517,81,c05a68cd95313514fa8f085741d70015fcdcb1c1,9b6a79427701664e06e9351890f1baefcd8c4018,0, 
BUILD_FAILURE,518,518,1,9a88033f4044a7c202df954d3379e3e9b70ab140,9a88033f4044a7c202df954d3379e3e9b70ab140,1,MojoFailureException1:1;
BUILD_SUCCESSFUL,519,551,33,a0c6c7ed56666651de90075458191c8a4561446e,17c8a42d48e0bf95a5872fda2d2bce9dc68b2c16,0, 
BUILD_FAILURE,552,552,1,b6ca6112d931f203a06983d0048189fa001d61bf,b6ca6112d931f203a06983d0048189fa001d61bf,1,ArtifactResolutionException1:1;
BUILD_SUCCESSFUL,553,594,42,f249e0f7da625898e5117fe346ac18eb6d1bc29d,02aac87bd21bd6a425b6225be6762c80424fec76,0, 
BUILD_FAILURE,595,596,2,09ed8fde8d75cb81ac59a6d44f39f56fd7cca084,6451733d8ae40045ec4b2ded370c93696a66ad31,1,ProjectBuildingException1:2;
BUILD_SUCCESSFUL,597,668,72,73fe6666582551ba48321740f1de8968397a237c,eca3580775046ee2d3281f8e03f2fa7532c419d6,0, 
BUILD_FAILURE,669,669,1,019898d84aea403194584c095520621735cfe86d,019898d84aea403194584c095520621735cfe86d,1,ArtifactResolutionException1:1;
BUILD_SUCCESSFUL,670,686,17,a2931a1f0b0128a192b8adc4886e3984dda84e15,5b8e2832997aeed4142bf49929df3b3cfbd5a5a1,0, 
BUILD_FAILURE,687,687,1,71d92fa916c2f3281b8c5f70079524d2e3e07269,71d92fa916c2f3281b8c5f70079524d2e3e07269,1,ProjectBuildingException1:1;
BUILD_SUCCESSFUL,688,744,57,b3872ab0acd786f9757f3cd0b099ca074af2ebb3,8887ac344c4228332d5016273cd11e3ea06f4d89,0, 
BUILD_FAILURE,745,752,8,48234974531a85cb71b2e4f4110254adb282eb36,b2eda1e3eda2a8a3590c56f60afec8d505b363e2,1,DependencyResolutionException1:8;
BUILD_SUCCESSFUL,753,776,24,f2906e253fb5d1043a9a730795b0bb0fde14cf0a,317bcd90104cb61a9ebb4aa6a7739dd510c843c4,0, 
BUILD_FAILURE,777,777,1,62ca313ea4e487309d16f6bf65895150380ce611,62ca313ea4e487309d16f6bf65895150380ce611,1,DependencyResolutionException1:1;
BUILD_SUCCESSFUL,778,818,41,2549b83e9ba6209cafd727557dfddd3ff9aa1140,0e8f45f7c6c639d02ec066f079db2ce61cb99826,0, 
BUILD_FAILURE,819,819,1,2bc9549f3eae499fda946947a82a8bcd91b59f2c,2bc9549f3eae499fda946947a82a8bcd91b59f2c,1,MojoFailureException1:1;
BUILD_SUCCESSFUL,820,910,91,eea584f7e0daa8c5dca5c3fb1500ceba23b1b1cb,61e4bc069e174a08fef9e232caf74a1fe24a44b5,0, 
BUILD_FAILURE,911,911,1,d204b26b97f2073e3a3f813a98b579660da511ca,d204b26b97f2073e3a3f813a98b579660da511ca,1,MojoFailureException1:1;
BUILD_SUCCESSFUL,912,947,36,4cdfa865185da2c5337372d52df1e9edacec8858,40c88140d8aa6cf9300501ed894c26a23863aa19,0, 
BUILD_FAILURE,948,948,1,874dd0d166ff4da5899e5ca9074debee1b8beb20,874dd0d166ff4da5899e5ca9074debee1b8beb20,1,MojoFailureException1:1;
BUILD_SUCCESSFUL,949,953,5,1ab2ccdf9f0bac165b527376e3b84bd6dfbfcaf5,49d2db8de2c140875e55fbd22da450ddb9c6a761,0, 
BUILD_FAILURE,954,954,1,f0fe31a12addfe5445f82a5bcbeb653eca4972af,f0fe31a12addfe5445f82a5bcbeb653eca4972af,1,MojoFailureException1:1;
BUILD_SUCCESSFUL,955,1011,57,92a6f9dfa59ca999c175381bfbd3708603f0f124,aa70a1a5c9a7319e02b2fbc388a82f4e762ff08f,0, 
BUILD_FAILURE,1012,1012,1,095c1e3b9f7b2982cd2be0f85e736b90a6a2d11b,095c1e3b9f7b2982cd2be0f85e736b90a6a2d11b,1,MojoFailureException1:1;
BUILD_SUCCESSFUL,1013,1033,21,249f75b42424dbd52b13a29acad15b3a51eef0ff,d430892ebcb6a103c4087ba615135b7597cb7c9e,0, 
BUILD_FAILURE,1034,1035,2,7f2de6e564563e45273056a802cfce4e88544c1b,c0d1d878b8d432ea3466d6d67e3389bc757d9bf1,1,ArtifactResolutionException1:2;
BUILD_SUCCESSFUL,1036,1210,175,d384aa5b2e419b94fe4f65049840eeddc8a3a2b4,e296c3ff711f688be045eef234d6a9970d8481fc,0, 
BUILD_FAILURE,1211,1211,1,fee5d41a4c3b58af74c9af54a118a0ccf3039eeb,fee5d41a4c3b58af74c9af54a118a0ccf3039eeb,1,ArtifactResolutionException1:1;
BUILD_SUCCESSFUL,1212,1316,105,dbcc2b64e9241f89c56c3f87c8a3763dfb949631,b9dd73d0260e6f610b26d9c84e31d4329049f756,0, 
BUILD_FAILURE,1317,1318,2,202f5ff56ceffede0c5b944f6168977e50001516,8fb3c532456c5cef60861634f75a7dd873688209,1,MojoFailureException1:2;
BUILD_SUCCESSFUL,1319,1329,11,042ab23114bca302a1981bb457f63b2e13c66763,cb7cd4e3a1efc74164cca2ac199d201fa3ec3c36,0, 
BUILD_FAILURE,1330,1331,2,3fb5e14ed0893fa78df213b53b91077d2bd6f8c0,ea7664f6fb6c096c240579b2d7bcb86651a9182f,1,DependencyResolutionException1:2;
BUILD_SUCCESSFUL,1332,1365,34,bd75d31be08fd46fbb73d28ce344341e5f5f647f,c9dde6ac69bd7678aeb08eda4143399afb3e049c,0, 
BUILD_FAILURE,1366,1366,1,c6bd9ef5f49c7f1ad0e6b28a092d52b4453d53df,c6bd9ef5f49c7f1ad0e6b28a092d52b4453d53df,1,MojoFailureException1:1;
BUILD_SUCCESSFUL,1367,1380,14,6e9fce16715a206dcc8f18610d177973937a64e7,1252384b1a5534d3aad6819c5e80235bb24ef1df,0, 
BUILD_FAILURE,1381,1381,1,0dfe7fd33ec9f5b92ac1ff6ca77a0b8b3dd27f6c,0dfe7fd33ec9f5b92ac1ff6ca77a0b8b3dd27f6c,1,MojoFailureException1:1;
BUILD_SUCCESSFUL,1382,1411,30,c5202dad5adee44b47c227312478ad44c83302a4,e9a8e9631634fcb3424d8a7b7a280d1fd14f7e8c,0, 
BUILD_FAILURE,1412,1412,1,d45a8b1446bea69f3da662216146a86f68229016,d45a8b1446bea69f3da662216146a86f68229016,1,MojoFailureException1:1;
BUILD_SUCCESSFUL,1413,1447,35,f409eeb3aa31eefcb8be6fdee7a93a7cc1871fb4,f501cb365a239fdf924768a194e2ce943f611671,0, 
BUILD_FAILURE,1448,1448,1,5ffe5c2c0aa04a6faab57b41197051411a82badd,5ffe5c2c0aa04a6faab57b41197051411a82badd,1,MojoFailureException1:1;
BUILD_SUCCESSFUL,1449,1462,14,c86109f7c23247ab95582978f3f43829d34a1c5b,4c79e5395e292f5537611747dcb2efe3d1b5e6d1,0, 
BUILD_FAILURE,1463,1465,3,34d5700306d733ee7b1a75dee60568f35f385daf,d21481158f0df74366446e2d1bd271cc0ebaaf21,1,MojoFailureException1:3;
BUILD_SUCCESSFUL,1466,1497,32,3f8ea380b0756727d90d758c3a7d4462cdc0be99,91d0e7166479a70985c898243868e185543f6c58,0, 
BUILD_FAILURE,1498,1498,1,b15dd5f9af7d3b8fda8015eafb388589826e2ea0,b15dd5f9af7d3b8fda8015eafb388589826e2ea0,1,MojoFailureException1:1;
BUILD_SUCCESSFUL,1499,1570,72,cc739cb559afc66c7a053af8faa8a8c84c9daf65,5a4778a526ce842cef1ef5abb45483b117ac9f55,0, 
BUILD_FAILURE,1571,1572,2,bba42cd7f75a582e13f60b8b8ead89fca34df4ac,112ddfa2d8f1170efe7da134c7614969c873f68e,1,MojoFailureException1:2;
BUILD_SUCCESSFUL,1573,1614,42,008f2894f97f26d0f593ae42c62e3f26f209db3a,6e8fa9dcf0a6e88fd53c7d90fa7d36a7ede16c91,0, 
BUILD_FAILURE,1615,1615,1,f658ee670013d2face235ad41046c3aeb5859fee,f658ee670013d2face235ad41046c3aeb5859fee,1,MojoFailureException1:1;
BUILD_SUCCESSFUL,1616,1656,41,d9a42c6620fcc23e0272a26e0f408b57f2ac6ee1,ee6d35765b3a490db034455e18de94b2e8e6c267,0, 
BUILD_FAILURE,1657,1658,2,ef0365a7fa49262a8b52a8121fc25f2ab2f28104,b07987f396cf28e13744f64d1aed3de67e01063f,1,MojoFailureException1:2;
BUILD_SUCCESSFUL,1659,1706,48,1ebc0eb7c95edf7e25369c9c61eff1d330995f29,69e795c6a6feb341d8c403d014a65ed788e9815e,0, 
BUILD_FAILURE,1707,1713,7,56d8023b203ee37c32428276c8932fd00c857d1d,5fd2b2b2f375574288117716232650c981f39872,1,MojoFailureException1:7;
BUILD_SUCCESSFUL,1714,1780,67,00566aabf19f2929e15b03601db29c9dc8d2bc8d,598cb8b95bba7f7d497ad6e6cff79398f14c5f71,0, 
BUILD_FAILURE,1781,1782,2,a78e227d77ade832e447977aadd9a750d190b3dc,963a6b0d8230e7e9440baa4278e30520e230906d,1,MojoFailureException1:2;
BUILD_SUCCESSFUL,1783,1811,29,8de5defeddc289b0ed349aff335edb490fc416b1,74d9fb86018773a3a76b1ecf194ae21373d4b485,0, 
BUILD_FAILURE,1812,1812,1,af89b850d1c912d724543cdb21500a7a095c5cef,af89b850d1c912d724543cdb21500a7a095c5cef,1,MojoFailureException1:1;
BUILD_SUCCESSFUL,1813,1819,7,7bbdb2d3b1cfeadcb2e8d08bffeee2ac77cf4221,9f0c6fd20b722e2f3c97e78ce22a045d9ca0b515,0, 
BUILD_FAILURE,1820,1820,1,537e506702b0d91d90a350094c1127f892518e4d,537e506702b0d91d90a350094c1127f892518e4d,1,MojoFailureException1:1;
BUILD_SUCCESSFUL,1821,1830,10,6d910564ff6d72e8b0a503703975acf646f6fbed,a6d416392b491073d70230ec2ba2a5e8938c84c3,0, 
BUILD_FAILURE,1831,1831,1,80fbb87bb66390e2e041e3e4e4dd68247dde9872,80fbb87bb66390e2e041e3e4e4dd68247dde9872,1,MojoFailureException1:1;
BUILD_SUCCESSFUL,1832,1926,95,cf89c86c48848b1f78479d7cc1837fd348944002,34c35504b46f851a01fb75bbab40838fb9e694c5,0, 
BUILD_FAILURE,1927,1927,1,5694716cf1f80c55bfc296d9aba9788022ca95bd,5694716cf1f80c55bfc296d9aba9788022ca95bd,1,MojoFailureException1:1;
BUILD_SUCCESSFUL,1928,2043,116,c5c566dbb4c35207928de72a76eb8b91e60be191,d0d4848578b23ccef3676b5366a10be0c4830410,0, 
BUILD_FAILURE,2044,2044,1,356fde0e17fc87618b794ffe2bc345f8cc0affaa,356fde0e17fc87618b794ffe2bc345f8cc0affaa,1,ArtifactResolutionException1:1;
BUILD_SUCCESSFUL,2045,2175,131,5c28d79c0de69d8042337f2aabc72989cff64d72,21e2c6ba85fdb8cef77620981ffa1db53c3112be,0, 
BUILD_FAILURE,2176,3862,1687,2f0d290ebae65c93a8e03ab895ba18b10e468803,84c16746c7f4aa2a62f465f7d075f57f21f82126,21,DependencyResolutionException1:14;MojoFailureException2:2;DependencyResolutionException3:195;MojoFailureException4:1;DependencyResolutionException5:474;ProjectBuildingException6:1;DependencyResolutionException7:185;MojoExecutionException8:1;DependencyResolutionException9:25;MojoFailureException10:1;DependencyResolutionException11:344;ArtifactResolutionException12:1;DependencyResolutionException13:56;MojoFailureException14:1;DependencyResolutionException15:131;MojoFailureException16:1;DependencyResolutionException17:14;MojoFailureException18:1;DependencyResolutionException19:93;MojoFailureException20:145;DependencyResolutionException21:1;
BUILD_SUCCESSFUL,3863,3863,1,e86cfdbc7f98f248cdfe87319358a92cc8421dba,e86cfdbc7f98f248cdfe87319358a92cc8421dba,0, 
BUILD_FAILURE,3864,3865,2,a327669a0ed8ec24f3290dc1176bbd77adabf3ed,f63d745a5231edaa58712c7c5d3d766a94430ff4,1,DependencyResolutionException1:2;
BUILD_SUCCESSFUL,3866,3866,1,8dadd11622e533857500c28a533562699b1f5e9c,8dadd11622e533857500c28a533562699b1f5e9c,0, 
BUILD_FAILURE,3867,4602,736,dbec54d273fc1a6374e4665e65cf7bf8b5cf6d8d,0740f633010d7872dd91856667f3ed1ee13b881f,3,DependencyResolutionException1:34;MojoFailureException2:701;DependencyResolutionException3:1;
BUILD_SUCCESSFUL,4603,4603,1,c0f74fef285fdcff977bc1c7c7a7e963ebff7183,c0f74fef285fdcff977bc1c7c7a7e963ebff7183,0, 
BUILD_FAILURE,4604,4789,186,4e2cc96e0892f6a57ba688efc297059168bfd468,c06747bdaef3dc523a6653027a3daa6b07696d83,3,DependencyResolutionException1:142;MojoFailureException2:1;DependencyResolutionException3:43;
BUILD_SUCCESSFUL,4790,4790,1,3f5cb95c9e1e9167c0b6997e27e09c23cc73988f,3f5cb95c9e1e9167c0b6997e27e09c23cc73988f,0, 
BUILD_FAILURE,4791,5181,391,4c9ce98a67fb08530be3333274c40cc159c0687e,68d37bce2535269e80c4d162c33a4bf71c8dbb90,3,DependencyResolutionException1:218;MojoFailureException2:1;DependencyResolutionException3:172;
BUILD_SUCCESSFUL,5182,5182,1,6a6c696ffaa6becb22bc815cd412be1c3a95c393,6a6c696ffaa6becb22bc815cd412be1c3a95c393,0, 
BUILD_FAILURE,5183,5249,67,cebf13fcec3f4cffe9f60f5d5d96f06882b0ee34,65915d903ed26101ad6f1cef1e853b7ae1771925,1,DependencyResolutionException1:67;
BUILD_SUCCESSFUL,5250,5250,1,51e52f46b98ec43f88afcbb450157edc09be79eb,51e52f46b98ec43f88afcbb450157edc09be79eb,0, 
BUILD_FAILURE,5251,5427,177,bce29e45c3999dd6d4d3c12b1ac52d9c8d5055c9,ed9840f0f67e72c2859a555252194df6bf00207e,3,DependencyResolutionException1:169;MojoFailureException2:2;DependencyResolutionException3:6;
BUILD_SUCCESSFUL,5428,5428,1,c531b2e0e9e8f627a0589676dacc983a16bca4dd,c531b2e0e9e8f627a0589676dacc983a16bca4dd,0, 
BUILD_FAILURE,5429,5542,114,2c8b3d6c2dcf6c1cff239e9f6d529eeec73a7d07,1f595054de39b12fcd3d421372096f7affd7e14f,1,DependencyResolutionException1:114;
BUILD_SUCCESSFUL,5543,5543,1,7580fcb1294ef9919dae144148daf47134a33b54,7580fcb1294ef9919dae144148daf47134a33b54,0, 
BUILD_FAILURE,5544,5655,112,3ab1464d0d16be558a1fd6e04d10308f0f0a6f83,4528702a7a1d4f929380d66d2a58a1d41a6af6e7,5,DependencyResolutionException1:14;MojoFailureException2:3;DependencyResolutionException3:90;MojoFailureException4:3;DependencyResolutionException5:2;
BUILD_SUCCESSFUL,5656,5656,1,6538e3844cdc74fb8793bbac98959d13c1b94346,6538e3844cdc74fb8793bbac98959d13c1b94346,0, 
BUILD_FAILURE,5657,5800,144,4dbcc8dedf2a2df1e036002ab670b253b57df523,ae9f7d0ff5fb75575d20d4ba58c45b48e23e7e78,5,DependencyResolutionException1:42;MojoFailureException2:1;DependencyResolutionException3:78;MojoFailureException4:1;DependencyResolutionException5:22;
BUILD_SUCCESSFUL,5801,5801,1,b44910d2639fed6ba08a11ee8b81690d3d1b6f11,b44910d2639fed6ba08a11ee8b81690d3d1b6f11,0, 
BUILD_FAILURE,5802,5986,185,c2ab1e3ca41100e3d08bb99ab49daedef7515174,4d30cf8fc854408cafd17512d6227b95951e5662,10,DependencyResolutionException1:24;MojoFailureException2:7;DependencyResolutionException3:1;ArtifactResolutionException4:5;DependencyResolutionException5:7;MojoFailureException6:49;DependencyResolutionException7:80;MojoExecutionException8:4;ArtifactResolutionException9:3;MojoExecutionException10:5;
BUILD_SUCCESSFUL,5987,5987,1,b6f44d45eb68d856540f97128573571813137f21,b6f44d45eb68d856540f97128573571813137f21,0, 
BUILD_FAILURE,5988,6116,129,a89ab6f7d177d7b6987286a7f768ea2d8f142832,6c4d09c8bdf1390e18a7437b2e8f0b314451913b,3,MojoExecutionException1:118;ProjectBuildingException2:1;MojoExecutionException3:10;
BUILD_SUCCESSFUL,6117,6117,1,4d0cc874189f14806608968a88a9c22a7f916f7b,4d0cc874189f14806608968a88a9c22a7f916f7b,0, 
BUILD_FAILURE,6118,6341,224,033b478fd71e139c0af5b9d00ed343c6c1f2b4d5,c08a1cc32298f01de1f6a10b6941540f3d44b54f,5,MojoExecutionException1:65;ArtifactResolutionException2:8;MojoExecutionException3:42;ProjectBuildingException4:1;MojoExecutionException5:108;
BUILD_SUCCESSFUL,6342,6342,1,29773b9bac4af8e92b1f87af39ddcd8ccea18857,29773b9bac4af8e92b1f87af39ddcd8ccea18857,0, 
BUILD_FAILURE,6343,6606,264,70ed16b62b494b05489b84dbb726e717aa25a2a1,376a947bc547760d3da99ec75d49823e3ad810af,1,MojoExecutionException1:264;
BUILD_SUCCESSFUL,6607,6607,1,0dbff7986655cbd10430379c6e08ae852a1800a4,0dbff7986655cbd10430379c6e08ae852a1800a4,0, 
BUILD_FAILURE,6608,7455,848,fefa0947cef2a37c2cdb51d4b2ac57a2d16a2069,9dafc9ffa49b5e5e7a374058079fd638eddf3c37,1,MojoExecutionException1:848;
BUILD_SUCCESSFUL,7456,7456,1,aa27956bdfe7729d9f6c653e659572f2cbf8bd64,aa27956bdfe7729d9f6c653e659572f2cbf8bd64,0, 
BUILD_FAILURE,7457,7457,1,56677ce72291ba8adb30c3d3bda2b2b2e52cda97,56677ce72291ba8adb30c3d3bda2b2b2e52cda97,1,MojoExecutionException1:1;
BUILD_SUCCESSFUL,7458,7458,1,092438ceb7eb2c08e7f6e261112d9b70559a13a5,092438ceb7eb2c08e7f6e261112d9b70559a13a5,0, 
BUILD_FAILURE,7459,7525,67,53e5e38c6c57de293351ba21d558b0dda48c3128,8e416aa224fbdc9ce911d9373bfbd57f618a549f,1,MojoExecutionException1:67;
BUILD_SUCCESSFUL,7526,7526,1,0e999137980912216d22ca4ddc7195bb457edf63,0e999137980912216d22ca4ddc7195bb457edf63,0, 
BUILD_FAILURE,7527,7527,1,c8442861ccefb9ea344493fb4064aed01f8aefaf,c8442861ccefb9ea344493fb4064aed01f8aefaf,1,MojoExecutionException1:1;
BUILD_SUCCESSFUL,7528,7528,1,dc2ee7bef4226c956704277a5b958177d6ca6c10,dc2ee7bef4226c956704277a5b958177d6ca6c10,0, 
BUILD_FAILURE,7529,7649,121,8d89e2e414760059bb5a0c345278e3567b8d2bf8,4b67cff703cbf9acc40cf0bf2a297346745be7a6,5,MojoExecutionException1:50;ArtifactResolutionException2:1;MojoExecutionException3:4;ProjectBuildingException4:3;MojoExecutionException5:63;
BUILD_SUCCESSFUL,7650,7650,1,b84ce915d88d2ed1f955aa54908612a5d00f0112,b84ce915d88d2ed1f955aa54908612a5d00f0112,0, 
BUILD_FAILURE,7651,7676,26,dd89a6e5482081e70f33ad0208cd2ec5ad77e8a6,5e2f8b899c3f47d0eee6c728c365cd211b7f02e3,2,ArtifactResolutionException1:1;MojoExecutionException2:25;
BUILD_SUCCESSFUL,7677,7677,1,d218e4d156e30d744fa97270e14d8d62cbaa1b01,d218e4d156e30d744fa97270e14d8d62cbaa1b01,0, 
BUILD_FAILURE,7678,7812,135,8984b346f56bac55fb9d870c3ae8749d1bf24ced,683238b6ce8cb1f616a5a5b223303fc6f209144e,1,MojoExecutionException1:135;
BUILD_SUCCESSFUL,7813,7813,1,4e7078acb5e2ea68958afe453747552e0f64bfe3,4e7078acb5e2ea68958afe453747552e0f64bfe3,0, 
BUILD_FAILURE,7814,7844,31,dd6e71d160c7fe43ab99a81d6e180843d9d88b85,30852d19adb8c60947bf117527a292dbd01691ce,1,MojoExecutionException1:31;
