STATUS,START,END,SIZE,COMMIT_START,COMMIT_END,NUM_DIFF_EXCEPTION,EXCEPTION_:_SIZE
NO_POM,0,0,1,28485d931a0c370ee90971706b37ec974bf37297,28485d931a0c370ee90971706b37ec974bf37297,0, 
BUILD_FAILURE,1,108,108,8e1d6df8b996246cd1bce43ed73b2c9ea31d74fc,bd5a889cac27b84d9321967493570290fe4a7489,2,ArtifactResolutionException1:43;DependencyResolutionException2:65;
BUILD_SUCCESSFUL,109,146,38,4da7d5897fd80ac848e7252aef3d359cf79ffd42,3a5f0bcab07237109d5247229fd1d665eb2a7956,0, 
BUILD_FAILURE,147,220,74,ec9c4541609466ac108a6f17cc474c18defa2542,920c533a4ea7a5129fa70e5e581234fa33f9a429,1,DependencyResolutionException1:74;
BUILD_SUCCESSFUL,221,222,2,84efedd0a6de8b23fd2dbccacaba8f1757db5d5a,2ea56d664db6eca85ce3b052b5492374f2162719,0, 
BUILD_FAILURE,223,336,114,1c220f9c51851f9fa1ab50afb39107708869356e,b0a6805260b810947c7374c5dda7c0011f1cf68c,1,ArtifactResolutionException1:114;
BUILD_SUCCESSFUL,337,344,8,a98c004ee3614eab58867c4230848f166b91626a,137971972d5948ba256bd0993bf33bfc56b577a8,0, 
BUILD_FAILURE,345,382,38,fd515e97da70feb395db9a002ee3b339d235b97c,70f08a87b93ddd0d045ab31b2b07ad4b721a1b58,3,PluginExecutionException1:6;DependencyResolutionException2:2;PluginExecutionException3:30;
BUILD_SUCCESSFUL,383,424,42,0aae17147793b6fc9938bb90c3c9e565f3cb8158,ce47980756bb019d16924a4da03075c64074fdb8,0, 
BUILD_FAILURE,425,782,358,d4323a4a55105baca239801053ae9136e9f65d5b,c2711bb3281a40136836da2607185bb4b3bbc11f,7,ArtifactResolutionException1:45;MojoFailureException2:19;DependencyResolutionException3:101;ArtifactResolutionException4:17;MojoFailureException5:1;DependencyResolutionException6:5;MojoFailureException7:170;
BUILD_SUCCESSFUL,783,794,12,d1befa887a1647f13500a7e1dda332cac4fcfd85,fe0af411e2f2468eca87131c5751de4ade92cc7b,0, 
BUILD_FAILURE,795,797,3,3f759cb32bedcf03e2f3c112ddc9bcf3fcaf1dd9,61f62adcfd2e5d36c1a4281df375e5d7700f6c99,1,DependencyResolutionException1:3;
BUILD_SUCCESSFUL,798,863,66,645bc829283dd58e1e19ae355bbfbfc216f25a8b,b1f820dd62337773f9d02e8d3ab5c9074fbc8eb4,0, 
BUILD_FAILURE,864,879,16,263dfaf57ec7f2ca0ed6f900deb00f19acb87b15,9f8713d13b30eda076222ed8b3733b3bc953b7e1,1,DependencyResolutionException1:16;
BUILD_SUCCESSFUL,880,1133,254,23c949ecc4d77ce942ef5575dcb3625dbb792e11,c52247c8b2f87fb4540a5d98794e5a369262d297,0, 
BUILD_FAILURE,1134,1134,1,86bd20fbf4125ed77510658dcbf217d5772c4ec4,86bd20fbf4125ed77510658dcbf217d5772c4ec4,1,DependencyResolutionException1:1;
BUILD_SUCCESSFUL,1135,1264,130,8a2209743ed112129073aa252ceb01dbc7c32829,60043abcd809c13ebeca2d78f64fd909f40fd3b7,0, 
BUILD_FAILURE,1265,1266,2,61d0ef756bf95be9469eb34902ce8c66c81e941d,14236bc0059e302c5533d6b7e2a25188773b4798,1,ArtifactResolutionException1:2;
BUILD_SUCCESSFUL,1267,1268,2,c2d05362011ee04e4349729524faa094277adaf2,a8f6b85346735494627fba649aabb06fb8b64de2,0, 
BUILD_FAILURE,1269,1270,2,c9c6a41c48cc2eec870c5dfc0e82f0b88084d236,d327a6b40e6cc2c35864444d5d12d7f7470006e8,1,ArtifactResolutionException1:2;
BUILD_SUCCESSFUL,1271,1321,51,b3e37e03e559f77dca04720ed58ea210ac16d464,8723026055736200dbe96446b16dd00f79cc1e7d,0, 
BUILD_FAILURE,1322,1394,73,700e99e9b9c00e95e63e6cece4b9d320a3175a8b,9ccfa6ecb38645755046a9aa2495112788ac49c2,1,DependencyResolutionException1:73;
BUILD_SUCCESSFUL,1395,1400,6,167bbecf4885ef6e04b9a0bb2f545083b706bbc1,fb4173c509699713866401a6266612d9b51f4102,0, 
BUILD_FAILURE,1401,1416,16,64ba6a90c6163655e717e266ff24c0d50ad34712,2dfc3261e487fd50ec18b79f18964db66cbd434c,1,DependencyResolutionException1:16;
BUILD_SUCCESSFUL,1417,1418,2,d38ec098479a35726fbf0073fed246b51a97019b,78061ad2da0177a764123b9384c1356e188a144a,0, 
BUILD_FAILURE,1419,1836,418,ab4b56d8f86d62f5516420a1fd91f04ca374fc89,640d8f211abe91ea9b450340b75127dc32c676ff,6,ArtifactResolutionException1:3;MojoFailureException2:2;ArtifactResolutionException3:15;MojoFailureException4:4;ArtifactResolutionException5:5;MojoFailureException6:389;
BUILD_SUCCESSFUL,1837,1853,17,c50e664bfd25c241e438d13b1417a18095f2ed35,542757f1fe63fba0c139d1dd85d8c36bad87bb45,0, 
BUILD_FAILURE,1854,1864,11,9f0ba7c10856e797297c38e9658b4ad64c7030f3,eb1bc78403a6133c39baae1e5832f0d61dcb932d,2,ProjectBuildingException1:9;ModelParseException2:2;
BUILD_SUCCESSFUL,1865,1969,105,c7aa3ef64b4890aad78f89c2404f531d88712d3c,5cbf98552fefba17495c243cd313638aece0e586,0, 
BUILD_FAILURE,1970,2015,46,3e79640399368ea340c19191cea277d925e14fd5,79da6bb370968ba166919eae5ad29a8512fba38e,1,DependencyResolutionException1:46;
BUILD_SUCCESSFUL,2016,2053,38,7c8c83f9bd18ae2f02a9e77fa751f529c77aae21,8e9457fc7d834fc4d068e179fd0452adf795ebf5,0, 
BUILD_FAILURE,2054,2055,2,274c9b6d4dd315218addc37ee8f5a32c5178331e,3e71b23987d23ac9027621c36e8ff8b4e59cf837,1,DependencyResolutionException1:2;
BUILD_SUCCESSFUL,2056,2115,60,b3c6289a0258d823f20823301d0e288dff42ef83,634aef33c5f24bb340150998815e32676d5070ba,0, 
BUILD_FAILURE,2116,2158,43,0a17333e0c24fbb2b0b133ea323f29b5d87b3517,c418eea12e3a83ca2c81a12f188fb53bfac6de43,3,DependencyResolutionException1:3;ArtifactResolutionException2:31;DependencyResolutionException3:9;
BUILD_SUCCESSFUL,2159,2176,18,39c188ba74a713ce09aa91971994c94206bd4487,c2df8ee8ecd14d9a336831826b54a4559e90a5cb,0, 
BUILD_FAILURE,2177,2177,1,a2e25ddc869e1089f293bc17dfc3c530fb95ac0e,a2e25ddc869e1089f293bc17dfc3c530fb95ac0e,1,ProjectBuildingException1:1;
BUILD_SUCCESSFUL,2178,2185,8,1d023291a74e73423706dc227b2cfb38063d1455,3e059d557df57c20db8da8ec6b5d70f8827bb626,0, 
BUILD_FAILURE,2186,2194,9,04c687f19010cc3ed1be77d7becb8b5d5a712364,8d8ed49947ba71127b8f1b396698076f05914299,1,ArtifactResolutionException1:9;
BUILD_SUCCESSFUL,2195,2238,44,6205e6191db48be5cae75cf19f2b71b700950d76,8be80bee966cf6c8794ce59a92fdd478d1ff4acf,0, 
BUILD_FAILURE,2239,2239,1,5ef1b9472dcfc9e4bc95a2bb1f244d7bab354f06,5ef1b9472dcfc9e4bc95a2bb1f244d7bab354f06,1,ArtifactResolutionException1:1;
BUILD_SUCCESSFUL,2240,2244,5,fe86a83b012ec0871298e766452983cd4e846b36,0206fbd774e34b70351c3df19932b8a10addb07d,0, 
BUILD_FAILURE,2245,2716,472,846a4ef442951f09b49407a13f478f33453c4e0f,a49c3f73bdb0265bb11b9ac5ff7916b7927c1547,3,DependencyResolutionException1:6;ArtifactResolutionException2:463;DependencyResolutionException3:3;
BUILD_SUCCESSFUL,2717,2753,37,b7470f711172a3cd0301f0c652c2ac16331abeb7,af613125ef34c1053be741f03708656c42988973,0, 
BUILD_FAILURE,2754,2796,43,a584f64e65042ffbe9e4cd6f8ec397c619968f51,2af3bab65330ab470dabecf5a4eaa5e591ad003e,1,ArtifactResolutionException1:43;
BUILD_SUCCESSFUL,2797,3046,250,85d6debe6fea09d6e079fdc57101d4027ded3ee0,f7d2907020b7be32a270c7b37f6686ed2393eacd,0, 
BUILD_FAILURE,3047,3089,43,83cf6157fb49f4b503f2425dccac6d778d3898a6,083b236fdd08069d0aee0a51d56849f40f74e98f,1,DependencyResolutionException1:43;
BUILD_SUCCESSFUL,3090,3284,195,e5c7d680d6738376d215f1af9361d7c51becce3f,17a345cff259a7b8d3e3702c195c227379eadf7b,0, 
BUILD_FAILURE,3285,3311,27,20804fe6fb8a8c04842d9cd969b9265949043c75,1ac1297dce3e5eff3b7acca83670508dab11518f,1,ArtifactResolutionException1:27;
BUILD_SUCCESSFUL,3312,3315,4,4b4979e4b377811f107f78ae8da152180600dcfc,63e0e1854dfda7a326dae223cc8c9a2b0092f8a8,0, 
BUILD_FAILURE,3316,3452,137,edb25242ddc9a703fee9a33a7652345103fa100c,f6e19da48622c6ecad81a042f90d8f6d974f6fc5,4,ArtifactResolutionException1:22;DependencyResolutionException2:41;ArtifactResolutionException3:71;DependencyResolutionException4:3;
BUILD_SUCCESSFUL,3453,3455,3,9981e8cc3eddda69d22c659e1f805f77746d08b5,f956bb912129df19ba95e2ea1e577023a94f9382,0, 
BUILD_FAILURE,3456,3548,93,7d845112a7ec4a90fecdb525bf030ddf547505e5,1ebf338fcce5733f149bf628e1ee90961469c339,3,DependencyResolutionException1:4;ProjectBuildingException2:1;DependencyResolutionException3:88;
BUILD_SUCCESSFUL,3549,3558,10,d6830260d754613a0b4a23b280f999f504b350f1,f029a65d5ccdcc647881bbe2327c4533e3ae0e84,0, 
BUILD_FAILURE,3559,3584,26,a1b6bb0307c42fe70e8813df6c4d181087249cd8,20492e609d98e635dca290a0a7991c87c7d54dc4,1,ArtifactResolutionException1:26;
BUILD_SUCCESSFUL,3585,3600,16,7805039ee82678b41233116f6657567c067c77ca,0d46584b41de2c3ba385676f41f94ed54622aac7,0, 
BUILD_FAILURE,3601,3601,1,30c12b05ee7392955296c2c9751cb7147629a158,30c12b05ee7392955296c2c9751cb7147629a158,1,ArtifactResolutionException1:1;
BUILD_SUCCESSFUL,3602,3643,42,ef419e829771e96ea849fa1f554ea44ae97c33a3,fd87353dfcabc6e93ceec6a2d6b6b3a3d7270669,0, 
BUILD_FAILURE,3644,3644,1,97c742a1ce8f0d3f25ec12fa342d34750b0cac99,97c742a1ce8f0d3f25ec12fa342d34750b0cac99,1,ArtifactResolutionException1:1;
BUILD_SUCCESSFUL,3645,3651,7,be6c385664907c1b779a9e08850dad6fd732e76c,2990ace9f37321d834704128338f86947e9f880c,0, 
BUILD_FAILURE,3652,3847,196,4d12e6a5e6c2eaf40d2061ec6e065af37949a9fd,48430bd8576a6540a2b6c814a693fec8eab9fbcf,2,ArtifactResolutionException1:92;ProjectBuildingException2:104;
BUILD_SUCCESSFUL,3848,3849,2,049246d55a60fe69ad16f0211915d4377d177ef7,771f4b79d1ab08dfe38b04b89c47c75aeffff737,0, 
BUILD_FAILURE,3850,3861,12,dd530c7f8308dad4f023e1e27a84247139a8f45d,651b5decf7446497502b7aa2976681fb559e1718,1,ArtifactResolutionException1:12;
BUILD_SUCCESSFUL,3862,3871,10,8243ddbe6223dc0dc6ff33903ae88d0259d300a4,892557b2518596e0b4ba51a35e9a6a44b1326968,0, 
BUILD_FAILURE,3872,3877,6,410e411499f898ecd6199c6693aa70dced3a3df0,187b9afe87ff2d479383135961acb8f11775feb3,1,ArtifactResolutionException1:6;
BUILD_SUCCESSFUL,3878,4123,246,157b51b3843023d44f651119cb4f56cbff761a39,69361f76f1bdea604d1819137cc202f5f1ff48af,0, 
BUILD_FAILURE,4124,4124,1,ca882ec21b4bbd1c8fc2e0163fa698b87c0e3f9a,ca882ec21b4bbd1c8fc2e0163fa698b87c0e3f9a,1,DependencyResolutionException1:1;
BUILD_SUCCESSFUL,4125,4162,38,14e8a3d0a2b724b592c2f39410e33a1f6a31330c,2b6e196c5941bf2a188a1db58bac4dc8d2165d32,0, 
BUILD_FAILURE,4163,4183,21,e315a4132aff5189b113e7c3ad42561ca30f1bf6,1d9433ac612521e90503ec4bb8e7bffb58e3c235,1,ArtifactResolutionException1:21;
BUILD_SUCCESSFUL,4184,4222,39,ce8a247078c0de1aeaccb6e5bee79c2c5db64d23,4ff3828497c0789d6a43532363c1c77ce87469e4,0, 
BUILD_FAILURE,4223,4223,1,c51085605bdc89770eabadcfd325be1c276a6e46,c51085605bdc89770eabadcfd325be1c276a6e46,1,ArtifactResolutionException1:1;
BUILD_SUCCESSFUL,4224,4241,18,31eb44e3c466fa40322a403d3e8b830e35f0a54d,ee2486eb7acd2c1f7340630dc3a995545fc28f56,0, 
BUILD_FAILURE,4242,4306,65,75d7e3e022e02bbdcbf647d91f8fc280d9627bc5,f45e189ced4b7cc5dd1c22d60c398c31ab44a7cb,1,DependencyResolutionException1:65;
BUILD_SUCCESSFUL,4307,4317,11,b555c22b1f1ec8697eca5ae768afdad8387c57c3,0265fcf1441a16a3eb52d2faf20e03e7ce67c26f,0, 
BUILD_FAILURE,4318,4361,44,909650fcc2e9c50c105652772bd3875ce4ab3252,967a067f4bbbe5d02c9b9100ac8406bf5cfeba8a,1,DependencyResolutionException1:44;
BUILD_SUCCESSFUL,4362,4507,146,716748902abf2f8b02cf4c0b6dcef9021864c877,a87d2223a4304c0278c244ae92009af6d5c8ad80,0, 
BUILD_FAILURE,4508,4508,1,89b53508f0574c3236b1297b37d6c3a2f81800ae,89b53508f0574c3236b1297b37d6c3a2f81800ae,1,DependencyResolutionException1:1;
BUILD_SUCCESSFUL,4509,4705,197,21218bc65384a5baf7ea441c6d29cfb5f42a58df,b95d84745c22a49b4901c1a685859a5ddefaa42e,0, 
BUILD_FAILURE,4706,4706,1,23b45c026b251275472d48566d5d6ca3a32ceb66,23b45c026b251275472d48566d5d6ca3a32ceb66,1,ProjectBuildingException1:1;
BUILD_SUCCESSFUL,4707,4716,10,52e9515a10bff5f81d52ba674939d4639992232a,737167019e8cda763f4965838f0438b1a7e296b9,0, 
BUILD_FAILURE,4717,4717,1,4f4df9d8095ad11ba9cdcef44465e93833d7789c,4f4df9d8095ad11ba9cdcef44465e93833d7789c,1,DependencyResolutionException1:1;
BUILD_SUCCESSFUL,4718,4876,159,8edc60601bfa461c3dce4225544559232750fce0,0b205e6972e894d76a66b53a0220b1c2bfa546a6,0, 
BUILD_FAILURE,4877,4877,1,a3adcb2d52927f35f2620be22b861f55a5cf2208,a3adcb2d52927f35f2620be22b861f55a5cf2208,1,DependencyResolutionException1:1;
BUILD_SUCCESSFUL,4878,4878,1,43e70a22c2e1662bdc9c9ba96f89278bb6aacb01,43e70a22c2e1662bdc9c9ba96f89278bb6aacb01,0, 
BUILD_FAILURE,4879,4943,65,a58a1c4e29b670bbfed55efb5fee3c52c89b54d0,ed67c652970bcd5d6042f5aed2ff329960fde2ed,1,ArtifactResolutionException1:65;
BUILD_SUCCESSFUL,4944,4949,6,e9d48f84fe40cb659e24d886d250c206e29fa537,90a75d8c45d1083d174638c78e4919838ede39e3,0, 
BUILD_FAILURE,4950,4950,1,e18bbe176378251225dc95d0ab6dcebf93327454,e18bbe176378251225dc95d0ab6dcebf93327454,1,ProjectBuildingException1:1;
BUILD_SUCCESSFUL,4951,5008,58,20567769761bd9271804e56503682206f910beff,bf68e61f0f7e54b00a961e33b39e9dfa75651495,0, 
BUILD_FAILURE,5009,5009,1,e1e35a435e2d1be3d0e353f0489204c29c952867,e1e35a435e2d1be3d0e353f0489204c29c952867,1,ArtifactResolutionException1:1;
BUILD_SUCCESSFUL,5010,5324,315,4a9951c5cbd53921bb1639c91aa9c933b33490f9,8d05d418e3f600cdfc1d4bf78f8b3c242bd13db7,0, 
BUILD_FAILURE,5325,5325,1,e590259e4b393a67c12a32ab8bffe06cd2c292d5,e590259e4b393a67c12a32ab8bffe06cd2c292d5,1,DependencyResolutionException1:1;
BUILD_SUCCESSFUL,5326,5641,316,0ce10a8905af551a4bff754a2f3a9bf319c5b8c2,9a2ac8a5321732b6b8fbda9386b30558757ed7b9,0, 
BUILD_FAILURE,5642,5642,1,44a208c8090406d0e486e0c9c080e918487dc4d0,44a208c8090406d0e486e0c9c080e918487dc4d0,1,ArtifactResolutionException1:1;
BUILD_SUCCESSFUL,5643,5790,148,4603b003cd7a2efec7aaf99ef322f459526a9016,712f026be9cbe06cb752c89c110eebdf90c4d512,0, 
BUILD_FAILURE,5791,5792,2,8882c0005610df488d52cd84cbf217ac6391f6d9,f69863c4df74594283f7897b1ca3e0a654477bf4,1,DependencyResolutionException1:2;
BUILD_SUCCESSFUL,5793,5981,189,6374395e99742c82cf7bb09fd40ff0305b35228b,9aa1eb1407d4a4cb4e18e730eb44309b995e83fa,0, 
BUILD_FAILURE,5982,6058,77,d75c812f85468227608d96cbca89ac2974ebd815,c104f9ef3364be23fa4c41bedd7ee9020a85ff6d,1,ProjectBuildingException1:77;
BUILD_SUCCESSFUL,6059,6069,11,982da52fc3e7bcbb5cf6a245534e243b79c8d2ba,83f0df209432dde99f60b215bb9a0a41efa8ea5a,0, 
BUILD_FAILURE,6070,6070,1,6d91892c08cb15d59788ed88c3510cb3c4eb2715,6d91892c08cb15d59788ed88c3510cb3c4eb2715,1,ProjectBuildingException1:1;
BUILD_SUCCESSFUL,6071,6209,139,c83627b45e1d1f504ba84b3e616e26d4000a0be4,61c54145c0f1df706c239211414c9aeae289223d,0, 
BUILD_FAILURE,6210,6210,1,73a4becdc987e62f38a099a749ccf041c32a7564,73a4becdc987e62f38a099a749ccf041c32a7564,1,DependencyResolutionException1:1;
BUILD_SUCCESSFUL,6211,6212,2,5ce9eb27559580d92c27fcc3c789a441966d8ca7,123e88b66566c510848514c015c0cef4b2f5a62d,0, 
BUILD_FAILURE,6213,6213,1,4fa5384a95fa41657ecb934387cf270d608902dd,4fa5384a95fa41657ecb934387cf270d608902dd,1,ArtifactResolutionException1:1;
BUILD_SUCCESSFUL,6214,6556,343,a605bdcbbfe036a836e6989f3a2547322edd2545,b729f4e394641da9407b19dd2d397bbcd14a0920,0, 
BUILD_FAILURE,6557,7142,586,1e067cefa035fba01f5b8e9e45bba8d54cd9bebb,e892d922c680486699cbf0e098cd0ea3230d6109,2,ProjectBuildingException1:18;ModelParseException2:568;
BUILD_SUCCESSFUL,7143,7227,85,4656dd2450356fea114c869f2323b622596510d7,e4f89b8074d31655cb4d5604b360c8f038776132,0, 
