STATUS,START,END,SIZE,COMMIT_START,COMMIT_END,NUM_DIFF_EXCEPTION,EXCEPTION_:_SIZE
NO_POM,0,19,20,f1f2cb546a5a35518150aface0f287c4cf9c2fe6,1106b3aac0b16f42058f7dc0fb723b02f50e23ec,0, 
BUILD_FAILURE,20,212,193,c72a263c2495b63585ac5ef76de5c49d48671e41,4ecc03d92968297198b65d2ad21aaa1ced69e424,4,ModelParseException1:173;ArtifactResolutionException2:8;ModelParseException3:7;DependencyResolutionException4:5;
BUILD_SUCCESSFUL,213,214,2,3497fc17c11a179fe31ab6c1b5f7540b8bac846b,6a263bbe6f1148827d37efd51fe28fde242f4cc0,0, 
BUILD_FAILURE,215,227,13,91a4bb944d82abbaf0ddaeba72ac3eb954f70452,3b412df60e3b2e8d5d7b410dda14f15b0e8637ae,2,ArtifactResolutionException1:1;DependencyResolutionException2:12;
BUILD_SUCCESSFUL,228,301,74,22e35bf4df982c4e145e5a7e6553fcb3fa65fad7,02d30f2522568e71925a5acdae0d2091c2b26a15,0, 
BUILD_FAILURE,302,307,6,9edf9746987a3b631ab0ca6db622448aa6ed5482,eb2ee221b5c3dff2ab3c544f176c5bba2f8de7ad,1,DependencyResolutionException1:6;
BUILD_SUCCESSFUL,308,308,1,bdc2b31d93b6d5f62f5479280ef98ae50f0076b5,bdc2b31d93b6d5f62f5479280ef98ae50f0076b5,0, 
BUILD_FAILURE,309,310,2,afa2d879aa91ffe2fd5288b61b7880f3c269c8cf,f25341ac1767063271e79af1d21621748befe1cf,1,CompilationFailureException1:2;
BUILD_SUCCESSFUL,311,377,67,fcfd594bdbf2438f243cd1d8c82b2728a2edb050,749f0408d24f36324ba352174b17680a997a20d8,0, 
BUILD_FAILURE,378,380,3,573ce5508c729f2cdff2fc57634c6ad907675262,dbba1f22ceaf43f641a9767bde42f25527ba18dd,1,CompilationFailureException1:3;
BUILD_SUCCESSFUL,381,399,19,8811d33a0d00a4e36ede817b32c5d40fa88381f1,d06f9c63c153ce1939c78b8a716f40a090d33494,0, 
BUILD_FAILURE,400,404,5,44fbb6f1c129e7871fc21bfd7c90ae2e9df5df2b,518a9d9cffc067153810aec6ac787c72227ab6dc,1,CompilationFailureException1:5;
BUILD_SUCCESSFUL,405,416,12,580d250fd6eb77163c38dada501a7c02fc956ab7,12eb37cc580ab72d5ff51a66ef1cfd77d357af44,0, 
BUILD_FAILURE,417,417,1,2a69b4b01d696135e2b0a42174e32961a28c3adf,2a69b4b01d696135e2b0a42174e32961a28c3adf,1,CompilationFailureException1:1;
BUILD_SUCCESSFUL,418,428,11,8a68b1cc58ec3db015fac73ad6d032a75c974653,f87f96252bf38eccaf141707ce135657a05a3577,0, 
BUILD_FAILURE,429,430,2,f46147ddf588505482249a9153c5cd136b229875,01d0a5d237758645fc3586b40d49839e8c37ba4e,1,DependencyResolutionException1:2;
BUILD_SUCCESSFUL,431,431,1,b4dc3d789f85e51b19b732d50d924e84d1ebff7b,b4dc3d789f85e51b19b732d50d924e84d1ebff7b,0, 
BUILD_FAILURE,432,433,2,7d5f929ff92158fc7d9e139f7735f23f9f6ccb58,857e03526e29c0e349ff767068aad4a56b4e570b,1,CompilationFailureException1:2;
BUILD_SUCCESSFUL,434,445,12,8b063dc18a3acf35e44f3f212c75d04427422e86,c94061160fb50e072bc6886c3d984a8db68bc265,0, 
BUILD_FAILURE,446,449,4,5b7a19f2035135b863bcb4564792a4ff894078e5,80222a70640ce03c2fd476ed520f48cfdac1ae61,2,ProjectBuildingException1:2;DependencyResolutionException2:2;
BUILD_SUCCESSFUL,450,474,25,00673a9e2a06f642f281e407ab2c7db5a34f3caf,94983889a97763615052dac19956bd51d0b1be75,0, 
BUILD_FAILURE,475,477,3,1334c3108726130fac01ab4dc791b103db28efb2,705f700910d489ee495e2a1a1f6727b08261bc62,1,CompilationFailureException1:3;
BUILD_SUCCESSFUL,478,529,52,9153c3d94cc6ae737b09fcb89c31925f18835f41,4686b69325efd9edec25e3765aefe3f1e0448f4b,0, 
BUILD_FAILURE,530,541,12,5ef92fe9798a526061992fa7b4ec6daba51ef2df,39026557728c5634f378e78bdf2362f98a50eb4d,1,CompilationFailureException1:12;
BUILD_SUCCESSFUL,542,569,28,d5b1b4b721c397b7ed6d44d73a6c3d45952356ae,332e4842f53722c26ada0d989d59dce9ce3e6624,0, 
BUILD_FAILURE,570,572,3,c39b6772251cda530f5e27ed2c8770e069342eee,1e4e2f5ecf31b2883e018de86b95a1861ec07404,1,CompilationFailureException1:3;
BUILD_SUCCESSFUL,573,619,47,8cc4ad14a26b1dbe691a6290c13434e8795aa50f,a2da13d830bd734f25be0576e399b0d2de7ea803,0, 
BUILD_FAILURE,620,620,1,30f20434cba6096966946dc02122a1ae28aeff57,30f20434cba6096966946dc02122a1ae28aeff57,1,CompilationFailureException1:1;
BUILD_SUCCESSFUL,621,627,7,544a0b6c3d4981c3c5dd82faf2a11b06d72d2c17,a22024c12bb70b0a319f461f09a404d9a6f5eb68,0, 
BUILD_FAILURE,628,628,1,4e48cc64c73ac86889c4210276303c250cda8865,4e48cc64c73ac86889c4210276303c250cda8865,1,DependencyResolutionException1:1;
BUILD_SUCCESSFUL,629,649,21,2d35e5246d0142e4aec3eb08103aa398d3c5d31e,1c7c53c418eaaba662d9a08b6ac3ca1c3bf25cf6,0, 
BUILD_FAILURE,650,753,104,cd12ef608165af79b9c211e45dd0cc8a35c3f0a5,7bc797d8826f22134af554ee09199e11f3401f44,9,DependencyResolutionException1:7;CompilationFailureException2:11;DependencyResolutionException3:53;CompilationFailureException4:4;DependencyResolutionException5:9;CompilationFailureException6:2;DependencyResolutionException7:4;CompilationFailureException8:3;DependencyResolutionException9:11;
BUILD_SUCCESSFUL,754,852,99,52da182356bc9c7a46d9378e179059bd828d0321,34d1cb1173cbae99333294963c0199930e345144,0, 
BUILD_FAILURE,853,855,3,9a2086a26a29c0a99fc83877a5a889a68b77c149,f6e9e40d18fa64d423dc81142845efcd5bd87ccc,1,ProjectBuildingException1:3;
BUILD_SUCCESSFUL,856,857,2,b998b276047b74d1cb36d8b3b0d3769d4ce726fb,9ef45db5fbf7972a9bf28ef598ece90029f14688,0, 
BUILD_FAILURE,858,861,4,1dcba804c329e75cca50d9677c0a201586217851,c00dee5c4aa336dc5322a2426ae888418680ee3b,1,DependencyResolutionException1:4;
BUILD_SUCCESSFUL,862,868,7,f0452e171452f9587750d67a9cdf3c8dd39d2d57,e3263b2d6c73d7f41af5b9ed2f2401e5826b0892,0, 
BUILD_FAILURE,869,930,62,ea592b12b6b7bd7c002cf357be8fb433eb1a35b7,19bf48205e85c3c7eb091340f607ebed99cbd7f2,4,ArtifactResolutionException1:24;PluginParameterException2:31;InternalErrorException3:1;PluginParameterException4:6;
BUILD_SUCCESSFUL,931,1064,134,eaf86a3a62dc9d4ecb9d70b62ff7ec164e3ff6c8,5f670138f106154daa89bb4388323d015539d7d9,0, 
BUILD_FAILURE,1065,1066,2,ec065c59c00dd64c7cc636a6d0a8658364198e6c,00339b7258e4901d52087ad795fa28026b076f5c,1,ArtifactResolutionException1:2;
BUILD_SUCCESSFUL,1067,1084,18,ea7541dde0cff1c2ffde769aec965621e35a2005,3a080341dfd1817306f23ea8fd5c2eb1a4c66ca5,0, 
BUILD_FAILURE,1085,1085,1,ba58cf1f85c46bc775895516dbcd16a00d3efe8b,ba58cf1f85c46bc775895516dbcd16a00d3efe8b,1,ProjectBuildingException1:1;
BUILD_SUCCESSFUL,1086,1130,45,5b4dea501ceb0454189bdff9d83471f0604493a2,e8732a725595e32efd59e871bd6e77f483b623ab,0, 
BUILD_FAILURE,1131,1131,1,66b25332cde024b58f60308bf5480ff7b98b974b,66b25332cde024b58f60308bf5480ff7b98b974b,1,DependencyResolutionException1:1;
BUILD_SUCCESSFUL,1132,1196,65,b34d069ff5f7cb1db1d757d3bafad634d2392d4e,2c048dfe9c3f08150b9cdd8510cf258e7bd92f77,0, 
BUILD_FAILURE,1197,1198,2,0f2a982b24b3f0c997fccf5eae362818ea0e9d78,063f8a827e1a70a47a71d21daeca241ec632bf5f,2,ProjectBuildingException1:1;MojoExecutionException2:1;
BUILD_SUCCESSFUL,1199,1201,3,7a6b8c211f6daeb8f523dbb0180ce4d920d25171,e34f75163fb3f463544916ad82d6f7af11a2abb2,0, 
BUILD_FAILURE,1202,1202,1,eedf2ecd81cd1f44b7963cdae50c62a70f40602f,eedf2ecd81cd1f44b7963cdae50c62a70f40602f,1,MojoFailureException1:1;
BUILD_SUCCESSFUL,1203,1209,7,7f095402ec4f1b046a3496712d53c00b6d9331e0,9df527eae7f742b968980a8e0d8f5cc56d324462,0, 
BUILD_FAILURE,1210,1210,1,ab16519a648ad897aa1833189b3d4e0663acf6c2,ab16519a648ad897aa1833189b3d4e0663acf6c2,1,MojoFailureException1:1;
BUILD_SUCCESSFUL,1211,1255,45,dc360c3e380034161d45c97acf55536911723f28,bc73c37a28372341960707250aa8b6d7316a4e9f,0, 
BUILD_FAILURE,1256,1256,1,8198138b0bcfe393a04727d5eadfe526c6a34310,8198138b0bcfe393a04727d5eadfe526c6a34310,1,MojoFailureException1:1;
BUILD_SUCCESSFUL,1257,1258,2,cabdf8ac9a124bdce3a9aee7588cd229aaf4a3ad,6ea4931929e08ab7233faad0e2ea156633f09010,0, 
BUILD_FAILURE,1259,1259,1,494d609cbd49bd94f11638b7ffb95c3c8dedb318,494d609cbd49bd94f11638b7ffb95c3c8dedb318,1,MojoFailureException1:1;
BUILD_SUCCESSFUL,1260,1293,34,43cd4ed05ba37e434b030ab89c23fce4c146fd71,20a3b14f8a388046ca76b846a465c16f3940ca4e,0, 
BUILD_FAILURE,1294,1294,1,5e1c2411672aa8a75942521827c7b815cf553f4f,5e1c2411672aa8a75942521827c7b815cf553f4f,1,MojoFailureException1:1;
BUILD_SUCCESSFUL,1295,1324,30,4fc92c4ee1ab4b9c4ec832288008fc616a7f9101,0da617fa63009b8bd03ce96b5cdf207eb25f33fa,0, 
BUILD_FAILURE,1325,1358,34,bc5d0a24309d8d1946813eceed2cb4e7f3777f72,a0f810fbc1d39928b8c259485f98b74e96fa23d7,1,ArtifactResolutionException1:34;
BUILD_SUCCESSFUL,1359,1408,50,35a3360b900e6a9b78764da35e7091af9cc2a944,15aacc1a164ea505c612bdaa57d26eb31fab0671,0, 
BUILD_FAILURE,1409,1409,1,e873333e71bdfaabd1bf9c01ac70f8aa27222e00,e873333e71bdfaabd1bf9c01ac70f8aa27222e00,1,ProjectBuildingException1:1;
BUILD_SUCCESSFUL,1410,1497,88,54fe10f772ed3e97954c750cb5e0e16d5d884912,15a01b0ceefc5671a40f632810e1764bebed7f27,0, 
BUILD_FAILURE,1498,1502,5,04b026d911195d22e6e4a037e1e3edd8f14f5831,fa96b240e8dc2d055ee2a05b3a8b81e956e32231,1,MojoFailureException1:5;
BUILD_SUCCESSFUL,1503,1641,139,4baa058f69e1f2d65f8b9e7b7c3ec63847c7d5b0,7b095da5560551a1dcd8ad7f0b67bc931dad622c,0, 
BUILD_FAILURE,1642,1642,1,eac7b9d81f7a4cf7b8e5a7ac86f4db28274cfc3d,eac7b9d81f7a4cf7b8e5a7ac86f4db28274cfc3d,1,ArtifactResolutionException1:1;
BUILD_SUCCESSFUL,1643,1788,146,ac0c698c5862cbc675ea02017dda432a375e43e1,a0081dcb25f7dda048b12f4688011b9e1d6fcd2e,0, 
