STATUS,START,END,SIZE,COMMIT_START,COMMIT_END,NUM_DIFF_EXCEPTION,EXCEPTION_:_SIZE
NO_POM,0,31,32,4298106f1ecabbe972d5a2f139eee2adb106bc62,e66befd22d792e0083ceadffc33b0d8cf6ade460,0, 
BUILD_FAILURE,32,48,17,8c5c3aa64c47a87a1b4b85916d7b74dab7418b35,d97a94b3e217c93731ac49b4fdf886ee46b12051,1,MojoExecutionException1:17;
BUILD_SUCCESSFUL,49,49,1,776819644c890f5886570f0acb284d6712f49320,776819644c890f5886570f0acb284d6712f49320,0, 
BUILD_FAILURE,50,131,82,bef8ff8437bd6b2d7a4d4d32ff356cc1120b25e6,be11b5cc68f39136f099fe5fd44fe97f69acb414,1,MojoExecutionException1:82;
BUILD_SUCCESSFUL,132,132,1,c23551844a1ed81c11615e2e19756f040b1803ad,c23551844a1ed81c11615e2e19756f040b1803ad,0, 
BUILD_FAILURE,133,148,16,0b33bef91905183074dcac96cc234767897dd19c,c2ced17ff222c8be28a745feb7aa3e9f3f7985f8,2,MojoExecutionException1:14;ArtifactResolutionException2:2;
BUILD_SUCCESSFUL,149,150,2,1ddd841dbce436094a54452add8e406790fa1628,6af2696ef7b640709f0035f9bd029de197979aae,0, 
BUILD_FAILURE,151,152,2,e635698b5e5de7e8e9a1cca621409aa9e03f0a95,82ee709377f8acd51feff7de0db5199c58ea50ff,1,MojoExecutionException1:2;
BUILD_SUCCESSFUL,153,153,1,aab71617a837214c777ee72a48d1efdda0253027,aab71617a837214c777ee72a48d1efdda0253027,0, 
BUILD_FAILURE,154,198,45,8e8ffabd09d59b27d88f35a0c4bd70d8e9c8b9b1,cc0f46994496c0901c9603d4b4bb0b7119cd477a,1,MojoExecutionException1:45;
BUILD_SUCCESSFUL,199,199,1,698bc57575a566cd9ed84ff20d3080a07c975f80,698bc57575a566cd9ed84ff20d3080a07c975f80,0, 
BUILD_FAILURE,200,306,107,a8cf54b855b3d037c2736f354436c0a59bc5e534,50cfa82d7153bbc038006fb0dc37eb3c9afeb5a8,1,MojoExecutionException1:107;
BUILD_SUCCESSFUL,307,307,1,3459c3a822780fb7fae67fcf591fe551d0da8a65,3459c3a822780fb7fae67fcf591fe551d0da8a65,0, 
BUILD_FAILURE,308,309,2,e46b52ff2d83b66151e31d125528a5126c2ffb23,58ed4836f7367d6bb4249baaaeb5b9df9cec00a2,1,MojoExecutionException1:2;
BUILD_SUCCESSFUL,310,310,1,f953efbe80d26fb0e5ad09e0d04019cd3077f49d,f953efbe80d26fb0e5ad09e0d04019cd3077f49d,0, 
BUILD_FAILURE,311,312,2,4d33e6043002705c82f03731f5afe97d92ec42eb,5ad9c6a870102891d3fff56fcf3be8cd35328ec8,1,MojoExecutionException1:2;
BUILD_SUCCESSFUL,313,313,1,59241c31e9986bd3c990b5c79e1975554606ceea,59241c31e9986bd3c990b5c79e1975554606ceea,0, 
BUILD_FAILURE,314,315,2,f6cb2151f0116ec7407a0ebe9aaf1de3458d4283,97ee51f2bcae5282db64022fd8243860a271d4e7,1,MojoExecutionException1:2;
BUILD_SUCCESSFUL,316,316,1,329dbf6fac078a9f5312f692c49bfbb60b49d71f,329dbf6fac078a9f5312f692c49bfbb60b49d71f,0, 
BUILD_FAILURE,317,603,287,65b5373aeb3336401ccaa2365b6ad6988bcc403a,77716260420e3cb270fb4ba0ad447b67ac6811ed,1,MojoExecutionException1:287;
BUILD_SUCCESSFUL,604,604,1,db06d6f01415961ee81ab2ac0f537e77911166ea,db06d6f01415961ee81ab2ac0f537e77911166ea,0, 
BUILD_FAILURE,605,610,6,7efc17c5584f091f4bfff47d1966299e5ff003f3,529435baafeba2e1e25d0ec9d3bab8c6523f78ef,3,MojoExecutionException1:1;ArtifactResolutionException2:3;MojoExecutionException3:2;
BUILD_SUCCESSFUL,611,611,1,2b7d28bb3886a83c6ba31b58261e727c2d8f72bb,2b7d28bb3886a83c6ba31b58261e727c2d8f72bb,0, 
BUILD_FAILURE,612,615,4,eef6bc4e2e0cee4f67c34e1febab81bc0a6ab9d2,f7c38120e6edc6b38d87c94bad5975f880bc7d98,1,MojoExecutionException1:4;
BUILD_SUCCESSFUL,616,616,1,179e53d2d25a16a5de0c4b410d32ede833246817,179e53d2d25a16a5de0c4b410d32ede833246817,0, 
BUILD_FAILURE,617,1032,416,f6b730895fddcafe4f1aabe802286e63e0a2af13,ada4cea8a06d4c57231f7aba9be7b2203119b92d,4,MojoExecutionException1:265;ProjectBuildingException2:1;MojoExecutionException3:131;DependencyResolutionException4:19;
BUILD_SUCCESSFUL,1033,1033,1,6f3d21c8180fad27ebc1cb5b4637478007c2c88c,6f3d21c8180fad27ebc1cb5b4637478007c2c88c,0, 
BUILD_FAILURE,1034,1034,1,735154844761963b3cbf4121b9a337e0e8b56794,735154844761963b3cbf4121b9a337e0e8b56794,1,DependencyResolutionException1:1;
BUILD_SUCCESSFUL,1035,1036,2,05cf50016de8a4e678b971429c625bd05671a974,a0cea7f2eb91f249397bd7cd0e18d6516b81be78,0, 
BUILD_FAILURE,1037,1290,254,265a6d424f4867be759b789bd85c45d540bf7534,402d79c34544ba0e8bc268bf193e5e937e592a76,1,DependencyResolutionException1:254;
BUILD_SUCCESSFUL,1291,1292,2,fe91ec4b155bd4bbf2877e080c1859bea9f5879a,975f611272ffacae1025dc49699d7521ae391f0a,0, 
BUILD_FAILURE,1293,1736,444,321f2642d90b945e3c09e00c60946c112860b3c5,85b694fd4cd205a8c4d4232383fd167593ed5520,7,DependencyResolutionException1:172;ArtifactResolutionException2:1;DependencyResolutionException3:228;ArtifactResolutionException4:40;DependencyResolutionException5:1;ProjectBuildingException6:1;DependencyResolutionException7:1;
BUILD_SUCCESSFUL,1737,1738,2,aef0286b4b0f6edad5cb0d5548c0e7a4a64fa241,fb5e0dc8d646a6cf2f362ccac487024594fa6d28,0, 
BUILD_FAILURE,1739,2009,271,4c5791ea78cb004efa610de55e77b7a764c43c7c,62b7532fa6ef6b34f26c3c96de672729c55e5612,2,MojoExecutionException1:1;DependencyResolutionException2:270;
BUILD_SUCCESSFUL,2010,2010,1,90dd7e2c2b3a749097def8b61cb4747d86b91d31,90dd7e2c2b3a749097def8b61cb4747d86b91d31,0, 
BUILD_FAILURE,2011,2022,12,c46d8fa987c854ba74feeb78bbebe0b22f929db2,6191c7de4af05379a86cb6ca666fccfdc95db7f6,3,DependencyResolutionException1:7;ArtifactResolutionException2:1;DependencyResolutionException3:4;
BUILD_SUCCESSFUL,2023,2023,1,d18a0a85a567913115b256a5f317a632f9ab303b,d18a0a85a567913115b256a5f317a632f9ab303b,0, 
BUILD_FAILURE,2024,2250,227,6f9a37f2b85fb8203c39058ed5892defd100424b,9bc42271aee3a94c977c2cc9b1dc788aa429998c,1,DependencyResolutionException1:227;
BUILD_SUCCESSFUL,2251,2251,1,b79d0790f349383f6e85b06196620e15b4819eab,b79d0790f349383f6e85b06196620e15b4819eab,0, 
BUILD_FAILURE,2252,2281,30,8501e8520238003d9cdab143c38113d82cb7a76a,0afae300dff3e5bd46706c7bb69d1a43f5004d11,1,DependencyResolutionException1:30;
BUILD_SUCCESSFUL,2282,2289,8,1c70616bd1f77977bd8e2a27c10a9da60398b80d,e26dcfe10ce0f683cdb068b1a7ddd00bb1462bac,0, 
BUILD_FAILURE,2290,2290,1,edb110dbdf6c2e04716c54cee541782a75694c97,edb110dbdf6c2e04716c54cee541782a75694c97,1,CompilationFailureException1:1;
BUILD_SUCCESSFUL,2291,2306,16,c19d5c80352c9edf3aa0a61e11d6c77a7744d8be,5f5bad886a13f7b4358b0e3119e9ecaa26dbf56a,0, 
BUILD_FAILURE,2307,2309,3,6ef8a2a7d09c66f4ea499f671ab656fe48c1d00b,10fe073afd25886ade1179f77e29f5a48f44bf10,1,CompilationFailureException1:3;
BUILD_SUCCESSFUL,2310,2316,7,c536e2e18ed85700895523f50a65f022ebaaf28c,43c3d1971c3114bcf593bb4d214491d70611fb0d,0, 
BUILD_FAILURE,2317,2319,3,647b60c659315f847b2f9008a0097301bf3edb74,4b1a9204dc8bafbede17638a73137f722456fd99,1,MojoExecutionException1:3;
BUILD_SUCCESSFUL,2320,2330,11,5d2c7b8d8fd7bdcf1d92f523df351143069b33ea,37a8a0e42c7db3e6d5d51d0974804e881b5a883e,0, 
BUILD_FAILURE,2331,2331,1,c7c640e6d3afb2317959cb853926a27e8f4f50d3,c7c640e6d3afb2317959cb853926a27e8f4f50d3,1,unknown1:1;
BUILD_SUCCESSFUL,2332,2432,101,b79f3730db378a27dd70b8d64efc99d8ffb2fc1d,9c14fce2ffb2798206bdbdef2fd24fe0a1dd3660,0, 
BUILD_FAILURE,2433,2435,3,a0b5273b163fdd54405af192b8a8dc7268e47bf2,31a6a021104184c57d74ac107abf3f498c43e404,1,MojoExecutionException1:3;
BUILD_SUCCESSFUL,2436,2440,5,0eeefb6aaa4943a03330f0521c4fc4fc82ea4aee,4c7f4fc9b6c2c06b34dc338328d4c4144adf7461,0, 
BUILD_FAILURE,2441,2441,1,afaab7533124e3d9e145d3f09f52cc8ec67f1751,afaab7533124e3d9e145d3f09f52cc8ec67f1751,1,CompilationFailureException1:1;
BUILD_SUCCESSFUL,2442,2442,1,aa672b106d29953610c568dceea273c4a6a59feb,aa672b106d29953610c568dceea273c4a6a59feb,0, 
BUILD_FAILURE,2443,2444,2,a7fbfe2dc851d77945955ca0e9faa6d78f81d0d9,5cbfba0ea1b137fbf3930ab7afb8b5a097aed40a,1,CompilationFailureException1:2;
BUILD_SUCCESSFUL,2445,2526,82,2c5968af9f74300a9f4780d1fdb56d37be212b3d,fab10e5552ee43b832adda7f994e8392edbd1882,0, 
BUILD_FAILURE,2527,2542,16,b74bd7ddb3495b4f3a373336151fc955dd4e81ec,fccf0556c2907cbe0dbb3c2ef45c96fd933e3d4d,1,ArtifactResolutionException1:16;
NO_POM,2543,2543,1,2fb788d369994ab3a5fbacf5400abec72bd75922,2fb788d369994ab3a5fbacf5400abec72bd75922,0, 
BUILD_FAILURE,2544,2550,7,36855e1b1e73b7c0580409c512e35bb8889c4106,6252acede5822d8ffacec141d20c88028c25836c,1,ArtifactResolutionException1:7;
BUILD_SUCCESSFUL,2551,2626,76,2da64fe4733f09bb4e015344cb7dbb19c4818fa8,c3843a36ee2e6e27cd244a0c36de0a08cc4c5869,0, 
BUILD_FAILURE,2627,2631,5,8864bd0609831cd67edff27e6b5e39d4d2d2ee22,f6e1db0b5c61e39ed4695ddbfebd4bf0bc4ae0ff,1,CompilationFailureException1:5;
BUILD_SUCCESSFUL,2632,2661,30,a226343a9735def593f1acdf5e52914da884e690,1097c6f0c3d4d701901a528ef9729b7f50948cfb,0, 
BUILD_FAILURE,2662,2663,2,274cab4fcc55431ee2c2a1a7756caeac3594f7af,16ebf70dedd5c842e839e9d6def1f97896a799aa,1,CompilationFailureException1:2;
BUILD_SUCCESSFUL,2664,2679,16,05fae18a1d57e71f1eb6d59c15ad88617be746cb,d2ee4712d52434776035e38114d760ff67196f46,0, 
