STATUS,START,END,SIZE,COMMIT_START,COMMIT_END,NUM_DIFF_EXCEPTION,EXCEPTION_:_SIZE
NO_POM,0,88,89,51b1681a52e249b192da1176a268a6c3d77f7ca3,a8982a77564ab7a6c92ed9e84081a276c785732a,0, 
BUILD_FAILURE,89,94,6,60e0d8cadcba55ec6010182a5d2813e515688a67,08563517131d50eacbcdbd0a06e3c4d06240a509,1,ModelParseException1:6;
BUILD_SUCCESSFUL,95,115,21,be04bfd496227de8f7a959091d3d2a3e1884fd90,61ee83ead149af1c4a1a552b6b50df9ce8ce6b70,0, 
BUILD_FAILURE,116,121,6,611bf94d5838bd3b7602ae7102305045a1f38f62,96fb7635b817afb74b8b9b05a7bd85c98aa4a672,1,DependencyResolutionException1:6;
BUILD_SUCCESSFUL,122,128,7,60d131f864706ad4f91221545919f94f4b60cc2d,ca8d86440b474d6edd07f379c78f8de517c5561c,0, 
BUILD_FAILURE,129,130,2,c3dd03e6531d6f6524f072c630166ff394c58dfc,dbd5277d2e1696e610837d20fa4324ede9452135,1,DependencyResolutionException1:2;
BUILD_SUCCESSFUL,131,153,23,dfb30428b98eb32f637006780b92555491e73502,fa87d391e14b79d701fac6c944452cedac4694ff,0, 
BUILD_FAILURE,154,155,2,082ab05552b7fdf9a5a24408d6332ba2a522a434,4776e7bdd80812f38c997a127b3e5da6c1e6a524,1,DependencyResolutionException1:2;
BUILD_SUCCESSFUL,156,175,20,88d25b52e516344834e9c7c1690b68dda54e6028,43ec9ce00b24b70c541755e8e91ed90ff0100c8c,0, 
BUILD_FAILURE,176,177,2,81ae68a80d50f829f7873d9abb3e1d88386f19a9,e7421e7caed156e5cfdf71536ec4bbde2cb604a1,1,DependencyResolutionException1:2;
BUILD_SUCCESSFUL,178,180,3,19b206106f79c1ad66848715183460fd0bb0674c,81322b6b772fa038200e9d4e43faa48f3dde3381,0, 
BUILD_FAILURE,181,210,30,2bf66c58181a85c4ae1260153f116c34a60a5810,dedf88aaa540a598fc708a09af3420a6c9589b73,2,ArtifactResolutionException1:25;DependencyResolutionException2:5;
BUILD_SUCCESSFUL,211,245,35,a74e1bf6ff76d3ffb8e2757b8d76f8084e850349,30858ea92f7390e9d099515aac572ebf36b80a27,0, 
BUILD_FAILURE,246,279,34,393879d9d20cff9967a89377369dce72e7ee9a47,03212591743016deca7ed55046795344e3632a9f,9,ArtifactResolutionException1:1;ProjectCycleException2:8;ModelParseException3:1;ProjectCycleException4:7;ArtifactResolutionException5:8;ProjectCycleException6:1;DependencyResolutionException7:2;ProjectCycleException8:3;DependencyResolutionException9:3;
BUILD_SUCCESSFUL,280,283,4,b5bcccf7024be1bc3ae03033092b43768a08f629,c767888572f733598d36a7e2b07f88d5f365e53a,0, 
BUILD_FAILURE,284,284,1,568a5701f0d7e09e3df048c4dc585e435fd99bb8,568a5701f0d7e09e3df048c4dc585e435fd99bb8,1,ArtifactResolutionException1:1;
BUILD_SUCCESSFUL,285,292,8,73fb2d23c1292a8d482e710acb2def4e73bcccb6,bf61eb1cf5b1de5aab01a3967a8a6fe4f8e2e6f2,0, 
BUILD_FAILURE,293,325,33,623ca78a1c3d5bd1df26a7580121e6bf3f3eef2a,94ad06ab36f6adb3e6c6e89ee6f05a009877bf0b,1,DependencyResolutionException1:33;
BUILD_SUCCESSFUL,326,326,1,00f774691bb22f13b46b6b671d9631925142c75b,00f774691bb22f13b46b6b671d9631925142c75b,0, 
BUILD_FAILURE,327,430,104,16c5e0e3d7e4202c71bde24f418fe1dace51f4ba,c918c7324d68ef0d5966f4ab056cea8a635752e3,3,DependencyResolutionException1:77;CompilationFailureException2:1;DependencyResolutionException3:26;
BUILD_SUCCESSFUL,431,549,119,357d2b7a8b4bbdf410f41d1139a81e3503e2809b,09b496298ea500bbc07434538622dacc17bb25af,0, 
BUILD_FAILURE,550,550,1,fe169dbaed756b7f1e13df22edefc577beefeecd,fe169dbaed756b7f1e13df22edefc577beefeecd,1,ArtifactResolutionException1:1;
BUILD_SUCCESSFUL,551,899,349,6a130bd549367b5f441668e78015217960fd9492,4f82380f87294fb2f44aa992fd27653b0fd7db8c,0, 
BUILD_FAILURE,900,905,6,e1da3949efecfe7346d65828b830bf2a97f84e0f,2bb768a7e749e4d81e0d3637605b567d9446a6e6,1,PluginDescriptorParsingException1:6;
BUILD_SUCCESSFUL,906,1006,101,4d84f3df21641fa480e6d124f0fb710db786d3cc,515b16c715bf5a17881407c1467f67178d72f899,0, 
BUILD_FAILURE,1007,1010,4,a3fd69ca34bcb1adb8c674a51abf77d4084b0b7e,ef46749f258cb6b46010a745bac7f3646857707b,1,DependencyResolutionException1:4;
BUILD_SUCCESSFUL,1011,1011,1,4345d5ae8f59fbb190e698ad3e5934b1dd7afc5b,4345d5ae8f59fbb190e698ad3e5934b1dd7afc5b,0, 
BUILD_FAILURE,1012,1042,31,ed50aa407306c22bdc701a5931fc5ff09ed61684,374621c09980b38f8a731a7bc32e19bed7b4e780,1,DependencyResolutionException1:31;
BUILD_SUCCESSFUL,1043,1049,7,f2818c89b5a04c30aa6f5956b5c87ce871d428e4,540c484d55265d00ec608af203ff2dd6fa8cffe2,0, 
BUILD_FAILURE,1050,1051,2,e13643836675935b95b3becdd39222ae62746bd4,70bbaea76f16e478ae68efaf0eb763863d80488c,2,ArtifactResolutionException1:1;DependencyResolutionException2:1;
BUILD_SUCCESSFUL,1052,1052,1,4d6652b5e695e46c3a0b2444ec507155c64faecc,4d6652b5e695e46c3a0b2444ec507155c64faecc,0, 
BUILD_FAILURE,1053,1054,2,24c76572e40cfd5b2e827f261e115b29c0e21e43,b8acb87f64ce38468bb5e42d7f2dcbe8dd5880af,1,DependencyResolutionException1:2;
BUILD_SUCCESSFUL,1055,1055,1,d5e651d9f3cb96783a2f501a046db1c7ac663ce4,d5e651d9f3cb96783a2f501a046db1c7ac663ce4,0, 
BUILD_FAILURE,1056,1139,84,ce6a94b1f4a27e21d9642ff67451fcf53448cceb,8226f8f48f0f8abdfa9e9f7c75d53f0d93ee3a73,1,DependencyResolutionException1:84;
BUILD_SUCCESSFUL,1140,1140,1,f1a3980705b5d5afcf1ab2664c06ce3801618161,f1a3980705b5d5afcf1ab2664c06ce3801618161,0, 
BUILD_FAILURE,1141,1160,20,bcd186fa837f59441b6ad08f02bb63bc5f1ba4de,a61aa222532caa2de62eb5cbce02459f848bd5e1,3,DependencyResolutionException1:2;ArtifactResolutionException2:1;DependencyResolutionException3:17;
BUILD_SUCCESSFUL,1161,1161,1,720c9c18e7916a391348b5d35f6d2d20906624db,720c9c18e7916a391348b5d35f6d2d20906624db,0, 
BUILD_FAILURE,1162,1210,49,50f2921776bb17cae337a07f9935c73cc48e2638,2420fbff1bd1f43e570854b822489289c69badc2,1,DependencyResolutionException1:49;
BUILD_SUCCESSFUL,1211,1211,1,6428f432e4d6808f20763395d616da52a798b556,6428f432e4d6808f20763395d616da52a798b556,0, 
BUILD_FAILURE,1212,1238,27,75f936f2c38bcb1c6592c2ccf16ffc4196e3e49b,460c828a43bb575620f263080eb37fdac9a6163a,1,DependencyResolutionException1:27;
BUILD_SUCCESSFUL,1239,1239,1,1f829a330c81322e6d96ef17dd29bd742130c643,1f829a330c81322e6d96ef17dd29bd742130c643,0, 
BUILD_FAILURE,1240,1275,36,443a700d8e40508127ab6f055dfe33cf512a71df,1f02cf167cc79997674cf08f20c2f52c23b02afb,1,DependencyResolutionException1:36;
BUILD_SUCCESSFUL,1276,1276,1,4ce8ff362cc70d7cd5457e0e0d054ded9a1c684c,4ce8ff362cc70d7cd5457e0e0d054ded9a1c684c,0, 
BUILD_FAILURE,1277,1292,16,2eb1222d5c6d204a6c923f0c8bb96ec4b7cf8748,83591e23a25e79e6a40a683a5498c042cdd845b4,1,DependencyResolutionException1:16;
BUILD_SUCCESSFUL,1293,1293,1,9721186d1fcc589ffe53db9252371c17182acc29,9721186d1fcc589ffe53db9252371c17182acc29,0, 
BUILD_FAILURE,1294,1397,104,ff01970d80398368c1e2f471a2574cd43d539339,269396990c12341d4d5f34c5194c525c1d043393,1,DependencyResolutionException1:104;
BUILD_SUCCESSFUL,1398,1398,1,72dfaa7a230cc29e94e4fdac11b6de08cc1887be,72dfaa7a230cc29e94e4fdac11b6de08cc1887be,0, 
BUILD_FAILURE,1399,1404,6,fe5c0331b7382628c59fc6773dfee825cdafd449,886501d6dc5db4e23d08e01468df089ab714587a,1,DependencyResolutionException1:6;
BUILD_SUCCESSFUL,1405,1405,1,fe3c7d105c35c47585ccb925b3ba662f322f9f49,fe3c7d105c35c47585ccb925b3ba662f322f9f49,0, 
BUILD_FAILURE,1406,1440,35,8750ff1e5654c0c637be528a26416941bb710923,ae6ccdc5bfa4cbb94fb998312a22a48b5953248f,1,DependencyResolutionException1:35;
BUILD_SUCCESSFUL,1441,1441,1,1d572f20cf88d5741daee2da2595b287f7f25a69,1d572f20cf88d5741daee2da2595b287f7f25a69,0, 
BUILD_FAILURE,1442,1460,19,348e203d6e86c5e5719bb779a6c376143ad20f25,01a3d7f6518faba42071e0954206c95055f94b19,1,DependencyResolutionException1:19;
BUILD_SUCCESSFUL,1461,1461,1,98a75bf243af4cfcd6a3a86b242d2076a7092e5a,98a75bf243af4cfcd6a3a86b242d2076a7092e5a,0, 
BUILD_FAILURE,1462,1465,4,d898be2ffae8900a2b020c160f7bc7e0f44a4db7,5a06873fdfc9a27cae16550f3efffe92e70fd412,1,DependencyResolutionException1:4;
BUILD_SUCCESSFUL,1466,1466,1,64595a959212f87351b10dab0862f3732337d062,64595a959212f87351b10dab0862f3732337d062,0, 
BUILD_FAILURE,1467,1469,3,937e9372dab15bf03b316a5dad6a98184b761789,3ef2bf6a83297c18ec7259dfa4088a45674e9a1c,1,DependencyResolutionException1:3;
BUILD_SUCCESSFUL,1470,1470,1,74d0811526ceb9dcc37a5c8cae33d6955a27be13,74d0811526ceb9dcc37a5c8cae33d6955a27be13,0, 
BUILD_FAILURE,1471,1517,47,61b11673364eb090e13e09510555df7d9b05f4c2,8980aa5623899d635302a3bede53f0ce8a2081f3,5,DependencyResolutionException1:14;ModelParseException2:1;DependencyResolutionException3:12;MojoFailureException4:1;DependencyResolutionException5:19;
BUILD_SUCCESSFUL,1518,1518,1,7a2bddda9d88e1532fb2cb374386bf92208d3b21,7a2bddda9d88e1532fb2cb374386bf92208d3b21,0, 
BUILD_FAILURE,1519,1548,30,54d400f907c63d6ea584855859fcad9684195462,d9e0386876149cf931da0c7a7a7779f94eb5d4a8,1,DependencyResolutionException1:30;
BUILD_SUCCESSFUL,1549,1549,1,03df011bef175f48ef2de0adbc54767a63eef9f1,03df011bef175f48ef2de0adbc54767a63eef9f1,0, 
BUILD_FAILURE,1550,1588,39,911d374c705f10265eabfbc2abd3e5132af9328d,8d88c2d66c4980356d094a7d64beb8ae073959ab,1,DependencyResolutionException1:39;
BUILD_SUCCESSFUL,1589,1589,1,752d35dc9641feb923e63dfa4dfb3b1c5baeacf2,752d35dc9641feb923e63dfa4dfb3b1c5baeacf2,0, 
BUILD_FAILURE,1590,1676,87,ca7fca4976dea565363886ff57239bfc9447259f,7bfebd06f4883a4f9a3aa6d591e2c105eb0bfd5d,2,DependencyResolutionException1:44;MojoFailureException2:43;
